  -2.4197200E+002   5.5440883E-006   0.0000000E+000   0.0000000E+000   0.0000000E+000   0.0000000E+000   0.0000000E+000          0
  -2.4097206E+002   5.6581188E-006   0.0000000E+000   5.6005209E-006   0.0000000E+000   2.7905024E-006   0.0000000E+000          0
  -2.3997212E+002   5.7752501E-006   0.0000000E+000   1.1316611E-005   0.0000000E+000   1.1238842E-005   0.0000000E+000          0
  -2.3897217E+002   5.8955863E-006   0.0000000E+000   1.7151419E-005   0.0000000E+000   2.5461997E-005   0.0000000E+000          0
  -2.3797223E+002   6.0192355E-006   0.0000000E+000   2.3108203E-005   0.0000000E+000   4.5580338E-005   0.0000000E+000          0
  -2.3697229E+002   6.1463099E-006   0.0000000E+000   2.9190332E-005   0.0000000E+000   7.1717498E-005   0.0000000E+000          0
  -2.3597235E+002   6.2769265E-006   0.0000000E+000   3.5401290E-005   0.0000000E+000   1.0400055E-004   0.0000000E+000          0
  -2.3497241E+002   6.4112068E-006   0.0000000E+000   4.1744677E-005   0.0000000E+000   1.4256010E-004   0.0000000E+000          0
  -2.3397246E+002   6.5492772E-006   0.0000000E+000   4.8224222E-005   0.0000000E+000   1.8753043E-004   0.0000000E+000          0
  -2.3297252E+002   6.6912693E-006   0.0000000E+000   5.4843778E-005   0.0000000E+000   2.3904961E-004   0.0000000E+000          0
  -2.3197258E+002   6.8373201E-006   0.0000000E+000   6.1607336E-005   0.0000000E+000   2.9725961E-004   0.0000000E+000          0
  -2.3097264E+002   6.9875720E-006   0.0000000E+000   6.8519024E-005   0.0000000E+000   3.6230649E-004   0.0000000E+000          0
  -2.2997270E+002   7.1421735E-006   0.0000000E+000   7.5583117E-005   0.0000000E+000   4.3434050E-004   0.0000000E+000          0
  -2.2897276E+002   7.3012791E-006   0.0000000E+000   8.2804042E-005   0.0000000E+000   5.1351622E-004   0.0000000E+000          0
  -2.2797281E+002   7.4650500E-006   0.0000000E+000   9.0186382E-005   0.0000000E+000   5.9999276E-004   0.0000000E+000          0
  -2.2697287E+002   7.6336538E-006   0.0000000E+000   9.7734886E-005   0.0000000E+000   6.9393389E-004   0.0000000E+000          0
  -2.2597293E+002   7.8072654E-006   0.0000000E+000   1.0545447E-004   0.0000000E+000   7.9550820E-004   0.0000000E+000          0
  -2.2497299E+002   7.9860671E-006   0.0000000E+000   1.1335024E-004   0.0000000E+000   9.0488930E-004   0.0000000E+000          0
  -2.2397305E+002   8.1702489E-006   0.0000000E+000   1.2142747E-004   0.0000000E+000   1.0222560E-003   0.0000000E+000          0
  -2.2297310E+002   8.3600090E-006   0.0000000E+000   1.2969165E-004   0.0000000E+000   1.1477924E-003   0.0000000E+000          0
  -2.2197316E+002   8.5555540E-006   0.0000000E+000   1.3814845E-004   0.0000000E+000   1.2816884E-003   0.0000000E+000          0
  -2.2097322E+002   8.7570997E-006   0.0000000E+000   1.4680376E-004   0.0000000E+000   1.4241395E-003   0.0000000E+000          0
  -2.1997328E+002   8.9648711E-006   0.0000000E+000   1.5566370E-004   0.0000000E+000   1.5753471E-003   0.0000000E+000          0
  -2.1897334E+002   9.1791032E-006   0.0000000E+000   1.6473461E-004   0.0000000E+000   1.7355191E-003   0.0000000E+000          0
  -2.1797339E+002   9.4000414E-006   0.0000000E+000   1.7402308E-004   0.0000000E+000   1.9048697E-003   0.0000000E+000          0
  -2.1697345E+002   9.6279417E-006   0.0000000E+000   1.8353593E-004   0.0000000E+000   2.0836198E-003   0.0000000E+000          0
  -2.1597351E+002   9.8630719E-006   0.0000000E+000   1.9328025E-004   0.0000000E+000   2.2719974E-003   0.0000000E+000          0
  -2.1497357E+002   1.0105711E-005   0.0000000E+000   2.0326343E-004   0.0000000E+000   2.4702375E-003   0.0000000E+000          0
  -2.1397363E+002   1.0356153E-005   0.0000000E+000   2.1349310E-004   0.0000000E+000   2.6785828E-003   0.0000000E+000          0
  -2.1297368E+002   1.0614701E-005   0.0000000E+000   2.2397723E-004   0.0000000E+000   2.8972837E-003   0.0000000E+000          0
  -2.1197374E+002   1.0881677E-005   0.0000000E+000   2.3472408E-004   0.0000000E+000   3.1265988E-003   0.0000000E+000          0
  -2.1097380E+002   1.1157413E-005   0.0000000E+000   2.4574224E-004   0.0000000E+000   3.3667950E-003   0.0000000E+000          0
  -2.0997386E+002   1.1442260E-005   0.0000000E+000   2.5704065E-004   0.0000000E+000   3.6181481E-003   0.0000000E+000          0
  -2.0897392E+002   1.1736582E-005   0.0000000E+000   2.6862859E-004   0.0000000E+000   3.8809429E-003   0.0000000E+000          0
  -2.0797398E+002   1.2040764E-005   0.0000000E+000   2.8051573E-004   0.0000000E+000   4.1554738E-003   0.0000000E+000          0
  -2.0697403E+002   1.2355207E-005   0.0000000E+000   2.9271214E-004   0.0000000E+000   4.4420449E-003   0.0000000E+000          0
  -2.0597409E+002   1.2680329E-005   0.0000000E+000   3.0522827E-004   0.0000000E+000   4.7409706E-003   0.0000000E+000          0
  -2.0497415E+002   1.3016571E-005   0.0000000E+000   3.1807503E-004   0.0000000E+000   5.0525761E-003   0.0000000E+000          0
  -2.0397421E+002   1.3364394E-005   0.0000000E+000   3.3126376E-004   0.0000000E+000   5.3771977E-003   0.0000000E+000          0
  -2.0297427E+002   1.3724281E-005   0.0000000E+000   3.4480628E-004   0.0000000E+000   5.7151831E-003   0.0000000E+000          0
  -2.0197432E+002   1.4096739E-005   0.0000000E+000   3.5871492E-004   0.0000000E+000   6.0668922E-003   0.0000000E+000          0
  -2.0097438E+002   1.4482298E-005   0.0000000E+000   3.7300249E-004   0.0000000E+000   6.4326976E-003   0.0000000E+000          0
  -1.9997444E+002   1.4881516E-005   0.0000000E+000   3.8768238E-004   0.0000000E+000   6.8129846E-003   0.0000000E+000          0
  -1.9897450E+002   1.5294978E-005   0.0000000E+000   4.0276854E-004   0.0000000E+000   7.2081527E-003   0.0000000E+000          0
  -1.9797456E+002   1.5723298E-005   0.0000000E+000   4.1827551E-004   0.0000000E+000   7.6186152E-003   0.0000000E+000          0
  -1.9697461E+002   1.6167120E-005   0.0000000E+000   4.3421848E-004   0.0000000E+000   8.0448004E-003   0.0000000E+000          0
  -1.9597467E+002   1.6627121E-005   0.0000000E+000   4.5061327E-004   0.0000000E+000   8.4871523E-003   0.0000000E+000          0
  -1.9497473E+002   1.7104012E-005   0.0000000E+000   4.6747642E-004   0.0000000E+000   8.9461307E-003   0.0000000E+000          0
  -1.9397479E+002   1.7598541E-005   0.0000000E+000   4.8482518E-004   0.0000000E+000   9.4222126E-003   0.0000000E+000          0
  -1.9297485E+002   1.8111492E-005   0.0000000E+000   5.0267759E-004   0.0000000E+000   9.9158926E-003   0.0000000E+000          0
  -1.9197490E+002   1.8643693E-005   0.0000000E+000   5.2105248E-004   0.0000000E+000   1.0427684E-002   0.0000000E+000          0
  -1.9097496E+002   1.9196011E-005   0.0000000E+000   5.3996952E-004   0.0000000E+000   1.0958118E-002   0.0000000E+000          0
  -1.8997502E+002   1.9769361E-005   0.0000000E+000   5.5944928E-004   0.0000000E+000   1.1507747E-002   0.0000000E+000          0
  -1.8897508E+002   2.0364705E-005   0.0000000E+000   5.7951327E-004   0.0000000E+000   1.2077146E-002   0.0000000E+000          0
  -1.8797514E+002   2.0983057E-005   0.0000000E+000   6.0018399E-004   0.0000000E+000   1.2666909E-002   0.0000000E+000          0
  -1.8697520E+002   2.1625482E-005   0.0000000E+000   6.2148497E-004   0.0000000E+000   1.3277654E-002   0.0000000E+000          0
  -1.8597525E+002   2.2293105E-005   0.0000000E+000   6.4344084E-004   0.0000000E+000   1.3910025E-002   0.0000000E+000          0
  -1.8497531E+002   2.2987111E-005   0.0000000E+000   6.6607739E-004   0.0000000E+000   1.4564688E-002   0.0000000E+000          0
  -1.8397537E+002   2.3708747E-005   0.0000000E+000   6.8942160E-004   0.0000000E+000   1.5242338E-002   0.0000000E+000          0
  -1.8297543E+002   2.4459332E-005   0.0000000E+000   7.1350177E-004   0.0000000E+000   1.5943696E-002   0.0000000E+000          0
  -1.8197549E+002   2.5240254E-005   0.0000000E+000   7.3834753E-004   0.0000000E+000   1.6669514E-002   0.0000000E+000          0
  -1.8097554E+002   2.6052978E-005   0.0000000E+000   7.6398995E-004   0.0000000E+000   1.7420571E-002   0.0000000E+000          0
  -1.7997560E+002   2.6899052E-005   0.0000000E+000   7.9046158E-004   0.0000000E+000   1.8197681E-002   0.0000000E+000          0
  -1.7897566E+002   2.7780111E-005   0.0000000E+000   8.1779659E-004   0.0000000E+000   1.9001690E-002   0.0000000E+000          0
  -1.7797572E+002   2.8697880E-005   0.0000000E+000   8.4603081E-004   0.0000000E+000   1.9833479E-002   0.0000000E+000          0
  -1.7697578E+002   2.9654184E-005   0.0000000E+000   8.7520186E-004   0.0000000E+000   2.0693966E-002   0.0000000E+000          0
  -1.7597583E+002   3.0650950E-005   0.0000000E+000   9.0534922E-004   0.0000000E+000   2.1584107E-002   0.0000000E+000          0
  -1.7497589E+002   3.1690218E-005   0.0000000E+000   9.3651436E-004   0.0000000E+000   2.2504898E-002   0.0000000E+000          0
  -1.7397595E+002   3.2774145E-005   0.0000000E+000   9.6874085E-004   0.0000000E+000   2.3457380E-002   0.0000000E+000          0
  -1.7297601E+002   3.3905013E-005   0.0000000E+000   1.0020745E-003   0.0000000E+000   2.4442637E-002   0.0000000E+000          0
  -1.7197607E+002   3.5085240E-005   0.0000000E+000   1.0365634E-003   0.0000000E+000   2.5461798E-002   0.0000000E+000          0
  -1.7097612E+002   3.6317384E-005   0.0000000E+000   1.0722582E-003   0.0000000E+000   2.6516045E-002   0.0000000E+000          0
  -1.6997618E+002   3.7604158E-005   0.0000000E+000   1.1092121E-003   0.0000000E+000   2.7606609E-002   0.0000000E+000          0
  -1.6897624E+002   3.8948434E-005   0.0000000E+000   1.1474813E-003   0.0000000E+000   2.8734779E-002   0.0000000E+000          0
  -1.6797630E+002   4.0353260E-005   0.0000000E+000   1.1871247E-003   0.0000000E+000   2.9901897E-002   0.0000000E+000          0
  -1.6697636E+002   4.1821868E-005   0.0000000E+000   1.2282044E-003   0.0000000E+000   3.1109369E-002   0.0000000E+000          0
  -1.6597641E+002   4.3357687E-005   0.0000000E+000   1.2707859E-003   0.0000000E+000   3.2358663E-002   0.0000000E+000          0
  -1.6497647E+002   4.4964357E-005   0.0000000E+000   1.3149383E-003   0.0000000E+000   3.3651316E-002   0.0000000E+000          0
  -1.6397653E+002   4.6645744E-005   0.0000000E+000   1.3607343E-003   0.0000000E+000   3.4988935E-002   0.0000000E+000          0
  -1.6297659E+002   4.8405956E-005   0.0000000E+000   1.4082507E-003   0.0000000E+000   3.6373200E-002   0.0000000E+000          0
  -1.6197665E+002   5.0249356E-005   0.0000000E+000   1.4575683E-003   0.0000000E+000   3.7805873E-002   0.0000000E+000          0
  -1.6097671E+002   5.2180586E-005   0.0000000E+000   1.5087728E-003   0.0000000E+000   3.9288797E-002   0.0000000E+000          0
  -1.5997676E+002   5.4204582E-005   0.0000000E+000   1.5619544E-003   0.0000000E+000   4.0823902E-002   0.0000000E+000          0
  -1.5897682E+002   5.6326598E-005   0.0000000E+000   1.6172084E-003   0.0000000E+000   4.2413215E-002   0.0000000E+000          0
  -1.5797688E+002   5.8552226E-005   0.0000000E+000   1.6746356E-003   0.0000000E+000   4.4058855E-002   0.0000000E+000          0
  -1.5697694E+002   6.0887423E-005   0.0000000E+000   1.7343425E-003   0.0000000E+000   4.5763051E-002   0.0000000E+000          0
  -1.5597700E+002   6.3338535E-005   0.0000000E+000   1.7964420E-003   0.0000000E+000   4.7528136E-002   0.0000000E+000          0
  -1.5497705E+002   6.5912328E-005   0.0000000E+000   1.8610531E-003   0.0000000E+000   4.9356563E-002   0.0000000E+000          0
  -1.5397711E+002   6.8616018E-005   0.0000000E+000   1.9283022E-003   0.0000000E+000   5.1250905E-002   0.0000000E+000          0
  -1.5297717E+002   7.1457302E-005   0.0000000E+000   1.9983230E-003   0.0000000E+000   5.3213867E-002   0.0000000E+000          0
  -1.5197723E+002   7.4444398E-005   0.0000000E+000   2.0712571E-003   0.0000000E+000   5.5248290E-002   0.0000000E+000          0
  -1.5097729E+002   7.7586082E-005   0.0000000E+000   2.1472547E-003   0.0000000E+000   5.7357162E-002   0.0000000E+000          0
  -1.4997734E+002   8.0891730E-005   0.0000000E+000   2.2264749E-003   0.0000000E+000   5.9543624E-002   0.0000000E+000          0
  -1.4897740E+002   8.4371365E-005   0.0000000E+000   2.3090867E-003   0.0000000E+000   6.1810983E-002   0.0000000E+000          0
  -1.4797746E+002   8.8035704E-005   0.0000000E+000   2.3952694E-003   0.0000000E+000   6.4162720E-002   0.0000000E+000          0
  -1.4697752E+002   9.1896216E-005   0.0000000E+000   2.4852133E-003   0.0000000E+000   6.6602497E-002   0.0000000E+000          0
  -1.4597758E+002   9.5965175E-005   0.0000000E+000   2.5791206E-003   0.0000000E+000   6.9134178E-002   0.0000000E+000          0
  -1.4497763E+002   1.0025573E-004   0.0000000E+000   2.6772063E-003   0.0000000E+000   7.1761832E-002   0.0000000E+000          0
  -1.4397769E+002   1.0478197E-004   0.0000000E+000   2.7796990E-003   0.0000000E+000   7.4489749E-002   0.0000000E+000          0
  -1.4297775E+002   1.0955899E-004   0.0000000E+000   2.8868417E-003   0.0000000E+000   7.7322456E-002   0.0000000E+000          0
  -1.4197781E+002   1.1460299E-004   0.0000000E+000   2.9988932E-003   0.0000000E+000   8.0264733E-002   0.0000000E+000          0
  -1.4097787E+002   1.1993135E-004   0.0000000E+000   3.1161291E-003   0.0000000E+000   8.3321622E-002   0.0000000E+000          0
  -1.3997793E+002   1.2556275E-004   0.0000000E+000   3.2388430E-003   0.0000000E+000   8.6498454E-002   0.0000000E+000          0
  -1.3897798E+002   1.3151721E-004   0.0000000E+000   3.3673477E-003   0.0000000E+000   8.9800862E-002   0.0000000E+000          0
  -1.3797804E+002   1.3781630E-004   0.0000000E+000   3.5019769E-003   0.0000000E+000   9.3234800E-002   0.0000000E+000          0
  -1.3697810E+002   1.4448319E-004   0.0000000E+000   3.6430868E-003   0.0000000E+000   9.6806568E-002   0.0000000E+000          0
  -1.3597816E+002   1.5154280E-004   0.0000000E+000   3.7910574E-003   0.0000000E+000   1.0052284E-001   0.0000000E+000          0
  -1.3497822E+002   1.5902197E-004   0.0000000E+000   3.9462946E-003   0.0000000E+000   1.0439066E-001   0.0000000E+000          0
  -1.3397827E+002   1.6694961E-004   0.0000000E+000   4.1092323E-003   0.0000000E+000   1.0841753E-001   0.0000000E+000          0
  -1.3297833E+002   1.7535687E-004   0.0000000E+000   4.2803343E-003   0.0000000E+000   1.1261137E-001   0.0000000E+000          0
  -1.3197839E+002   1.8427734E-004   0.0000000E+000   4.4600967E-003   0.0000000E+000   1.1698059E-001   0.0000000E+000          0
  -1.3097845E+002   1.9374727E-004   0.0000000E+000   4.6490507E-003   0.0000000E+000   1.2153411E-001   0.0000000E+000          0
  -1.2997851E+002   2.0380578E-004   0.0000000E+000   4.8477649E-003   0.0000000E+000   1.2628140E-001   0.0000000E+000          0
  -1.2897856E+002   2.1449511E-004   0.0000000E+000   5.0568488E-003   0.0000000E+000   1.3123253E-001   0.0000000E+000          0
  -1.2797862E+002   2.2586094E-004   0.0000000E+000   5.2769556E-003   0.0000000E+000   1.3639819E-001   0.0000000E+000          0
  -1.2697868E+002   2.3795265E-004   0.0000000E+000   5.5087863E-003   0.0000000E+000   1.4178974E-001   0.0000000E+000          0
  -1.2597874E+002   2.5082367E-004   0.0000000E+000   5.7530930E-003   0.0000000E+000   1.4741928E-001   0.0000000E+000          0
  -1.2497880E+002   2.6453184E-004   0.0000000E+000   6.0106835E-003   0.0000000E+000   1.5329968E-001   0.0000000E+000          0
  -1.2397885E+002   2.7913982E-004   0.0000000E+000   6.2824258E-003   0.0000000E+000   1.5944466E-001   0.0000000E+000          0
  -1.2297891E+002   2.9471553E-004   0.0000000E+000   6.5692531E-003   0.0000000E+000   1.6586883E-001   0.0000000E+000          0
  -1.2197897E+002   3.1133263E-004   0.0000000E+000   6.8721696E-003   0.0000000E+000   1.7258777E-001   0.0000000E+000          0
  -1.2097903E+002   3.2907105E-004   0.0000000E+000   7.1922559E-003   0.0000000E+000   1.7961809E-001   0.0000000E+000          0
  -1.1997909E+002   3.4801761E-004   0.0000000E+000   7.5306761E-003   0.0000000E+000   1.8697755E-001   0.0000000E+000          0
  -1.1897915E+002   3.6826662E-004   0.0000000E+000   7.8886847E-003   0.0000000E+000   1.9468510E-001   0.0000000E+000          0
  -1.1797920E+002   3.8992062E-004   0.0000000E+000   8.2676347E-003   0.0000000E+000   2.0276098E-001   0.0000000E+000          0
  -1.1697926E+002   4.1309119E-004   0.0000000E+000   8.6689860E-003   0.0000000E+000   2.1122687E-001   0.0000000E+000          0
  -1.1597932E+002   4.3789976E-004   0.0000000E+000   9.0943149E-003   0.0000000E+000   2.2010594E-001   0.0000000E+000          0
  -1.1497938E+002   4.6447864E-004   0.0000000E+000   9.5453245E-003   0.0000000E+000   2.2942300E-001   0.0000000E+000          0
  -1.1397944E+002   4.9297202E-004   0.0000000E+000   1.0023856E-002   0.0000000E+000   2.3920465E-001   0.0000000E+000          0
  -1.1297949E+002   5.2353720E-004   0.0000000E+000   1.0531902E-002   0.0000000E+000   2.4947939E-001   0.0000000E+000          0
  -1.1197955E+002   5.5634584E-004   0.0000000E+000   1.1071617E-002   0.0000000E+000   2.6027778E-001   0.0000000E+000          0
  -1.1097961E+002   5.9158543E-004   0.0000000E+000   1.1645339E-002   0.0000000E+000   2.7163267E-001   0.0000000E+000          0
  -1.0997967E+002   6.2946087E-004   0.0000000E+000   1.2255598E-002   0.0000000E+000   2.8357928E-001   0.0000000E+000          0
  -1.0897973E+002   6.7019625E-004   0.0000000E+000   1.2905140E-002   0.0000000E+000   2.9615553E-001   0.0000000E+000          0
  -1.0797978E+002   7.1403680E-004   0.0000000E+000   1.3596947E-002   0.0000000E+000   3.0940215E-001   0.0000000E+000          0
  -1.0697984E+002   7.6125107E-004   0.0000000E+000   1.4334255E-002   0.0000000E+000   3.2336301E-001   0.0000000E+000          0
  -1.0597990E+002   8.1213337E-004   0.0000000E+000   1.5120583E-002   0.0000000E+000   3.3808533E-001   0.0000000E+000          0
  -1.0497996E+002   8.6700645E-004   0.0000000E+000   1.5959757E-002   0.0000000E+000   3.5362002E-001   0.0000000E+000          0
  -1.0398002E+002   9.2622449E-004   0.0000000E+000   1.6855943E-002   0.0000000E+000   3.7002199E-001   0.0000000E+000          0
  -1.0298007E+002   9.9017648E-004   0.0000000E+000   1.7813676E-002   0.0000000E+000   3.8735046E-001   0.0000000E+000          0
  -1.0198013E+002   1.0592899E-003   0.0000000E+000   1.8837901E-002   0.0000000E+000   4.0566943E-001   0.0000000E+000          0
  -1.0098019E+002   1.1340350E-003   0.0000000E+000   1.9934009E-002   0.0000000E+000   4.2504803E-001   0.0000000E+000          0
  -9.9980249E+001   1.2149293E-003   0.0000000E+000   2.1107888E-002   0.0000000E+000   4.4556104E-001   0.0000000E+000          0
  -9.8980307E+001   1.3025428E-003   0.0000000E+000   2.2365965E-002   0.0000000E+000   4.6728941E-001   0.0000000E+000          0
  -9.7980365E+001   1.3975041E-003   0.0000000E+000   2.3715270E-002   0.0000000E+000   4.9032077E-001   0.0000000E+000          0
  -9.6980423E+001   1.5005066E-003   0.0000000E+000   2.5163490E-002   0.0000000E+000   5.1475015E-001   0.0000000E+000          0
  -9.5980481E+001   1.6123161E-003   0.0000000E+000   2.6719043E-002   0.0000000E+000   5.4068059E-001   0.0000000E+000          0
  -9.4980539E+001   1.7337790E-003   0.0000000E+000   2.8391152E-002   0.0000000E+000   5.6822397E-001   0.0000000E+000          0
  -9.3980598E+001   1.8658317E-003   0.0000000E+000   3.0189928E-002   0.0000000E+000   5.9750181E-001   0.0000000E+000          0
  -9.2980656E+001   2.0095110E-003   0.0000000E+000   3.2126472E-002   0.0000000E+000   6.2864622E-001   0.0000000E+000          0
  -9.1980714E+001   2.1659663E-003   0.0000000E+000   3.4212974E-002   0.0000000E+000   6.6180098E-001   0.0000000E+000          0
  -9.0980772E+001   2.3364732E-003   0.0000000E+000   3.6462835E-002   0.0000000E+000   6.9712263E-001   0.0000000E+000          0
  -8.9980830E+001   2.5224488E-003   0.0000000E+000   3.8890802E-002   0.0000000E+000   7.3478176E-001   0.0000000E+000          0
  -8.8980888E+001   2.7254693E-003   0.0000000E+000   4.1513118E-002   0.0000000E+000   7.7496447E-001   0.0000000E+000          0
  -8.7980946E+001   2.9472905E-003   0.0000000E+000   4.4347688E-002   0.0000000E+000   8.1787390E-001   0.0000000E+000          0
  -8.6981004E+001   3.1898709E-003   0.0000000E+000   4.7414273E-002   0.0000000E+000   8.6373200E-001   0.0000000E+000          0
  -8.5981062E+001   3.4553986E-003   0.0000000E+000   5.0734704E-002   0.0000000E+000   9.1278151E-001   0.0000000E+000          0
  -8.4981120E+001   3.7463223E-003   0.0000000E+000   5.4333129E-002   0.0000000E+000   9.6528814E-001   0.0000000E+000          0
  -8.3981178E+001   4.0653878E-003   0.0000000E+000   5.8236289E-002   0.0000000E+000   1.0215430E+000   0.0000000E+000          0
  -8.2981237E+001   4.4156807E-003   0.0000000E+000   6.2473836E-002   0.0000000E+000   1.0818654E+000   0.0000000E+000          0
  -8.1981295E+001   4.8006759E-003   0.0000000E+000   6.7078698E-002   0.0000000E+000   1.1466058E+000   0.0000000E+000          0
  -8.0981353E+001   5.2242980E-003   0.0000000E+000   7.2087498E-002   0.0000000E+000   1.2161495E+000   0.0000000E+000          0
  -7.9981411E+001   5.6909917E-003   0.0000000E+000   7.7541035E-002   0.0000000E+000   1.2909206E+000   0.0000000E+000          0
  -7.8981469E+001   6.2058076E-003   0.0000000E+000   8.3484850E-002   0.0000000E+000   1.3713859E+000   0.0000000E+000          0
  -7.7981527E+001   6.7745059E-003   0.0000000E+000   8.9969877E-002   0.0000000E+000   1.4580609E+000   0.0000000E+000          0
  -7.6981585E+001   7.4036835E-003   0.0000000E+000   9.7053219E-002   0.0000000E+000   1.5515146E+000   0.0000000E+000          0
  -7.5981643E+001   8.1009305E-003   0.0000000E+000   1.0479906E-001   0.0000000E+000   1.6523768E+000   0.0000000E+000          0
  -7.4981701E+001   8.8750253E-003   0.0000000E+000   1.1327973E-001   0.0000000E+000   1.7613453E+000   0.0000000E+000          0
  -7.3981759E+001   9.7361797E-003   0.0000000E+000   1.2257707E-001   0.0000000E+000   1.8791951E+000   0.0000000E+000          0
  -7.2981817E+001   1.0696351E-002   0.0000000E+000   1.3278394E-001   0.0000000E+000   2.0067882E+000   0.0000000E+000          0
  -7.1981876E+001   1.1769642E-002   0.0000000E+000   1.4400620E-001   0.0000000E+000   2.1450858E+000   0.0000000E+000          0
  -7.0981934E+001   1.2972820E-002   0.0000000E+000   1.5636510E-001   0.0000000E+000   2.2951625E+000   0.0000000E+000          0
  -6.9981992E+001   1.4326003E-002   0.0000000E+000   1.7000027E-001   0.0000000E+000   2.4582229E+000   0.0000000E+000          0
  -6.8982050E+001   1.5853561E-002   0.0000000E+000   1.8507349E-001   0.0000000E+000   2.6356222E+000   0.0000000E+000          0
  -6.7982108E+001   1.7585353E-002   0.0000000E+000   2.0177353E-001   0.0000000E+000   2.8288902E+000   0.0000000E+000          0
  -6.6982166E+001   1.9558392E-002   0.0000000E+000   2.2032243E-001   0.0000000E+000   3.0397615E+000   0.0000000E+000          0
  -6.5982224E+001   2.1819185E-002   0.0000000E+000   2.4098378E-001   0.0000000E+000   3.2702128E+000   0.0000000E+000          0
  -6.4982282E+001   2.4427023E-002   0.0000000E+000   2.6407370E-001   0.0000000E+000   3.5225096E+000   0.0000000E+000          0
  -6.3982340E+001   2.7458716E-002   0.0000000E+000   2.8997593E-001   0.0000000E+000   3.7992657E+000   0.0000000E+000          0
  -6.2982398E+001   3.1015555E-002   0.0000000E+000   3.1916251E-001   0.0000000E+000   4.1035209E+000   0.0000000E+000          0
  -6.1982456E+001   3.5233726E-002   0.0000000E+000   3.5222318E-001   0.0000000E+000   4.4388428E+000   0.0000000E+000          0
  -6.0982515E+001   4.0300274E-002   0.0000000E+000   3.8990763E-001   0.0000000E+000   4.8094645E+000   0.0000000E+000          0
  -5.9982573E+001   4.6478105E-002   0.0000000E+000   4.3318790E-001   0.0000000E+000   5.2204736E+000   0.0000000E+000          0
  -5.8982631E+001   5.4145982E-002   0.0000000E+000   4.8335267E-001   0.0000000E+000   5.6780784E+000   0.0000000E+000          0
  -5.7982689E+001   6.3863535E-002   0.0000000E+000   5.4215292E-001   0.0000000E+000   6.1899918E+000   0.0000000E+000          0
  -5.6982747E+001   7.6477178E-002   0.0000000E+000   6.1203150E-001   0.0000000E+000   6.7659996E+000   0.0000000E+000          0
  -5.5982805E+001   9.3286911E-002   0.0000000E+000   6.9648755E-001   0.0000000E+000   7.4188207E+000   0.0000000E+000          0
  -5.4982863E+001   1.1627322E-001   0.0000000E+000   8.0064046E-001   0.0000000E+000   8.1654258E+000   0.0000000E+000          0
  -5.3982921E+001   1.4823151E-001   0.0000000E+000   9.3200356E-001   0.0000000E+000   9.0290334E+000   0.0000000E+000          0
  -5.2982979E+001   1.9200691E-001   0.0000000E+000   1.1010633E+000   0.0000000E+000   1.0041854E+001   0.0000000E+000          0
  -5.1983037E+001   2.4630198E-001   0.0000000E+000   1.3197010E+000   0.0000000E+000   1.1247627E+001   0.0000000E+000          0
  -5.0983095E+001   2.9603225E-001   0.0000000E+000   1.5924297E+000   0.0000000E+000   1.2699500E+001   0.0000000E+000          0
  -4.9983154E+001   3.1205571E-001   0.0000000E+000   1.9002181E+000   0.0000000E+000   1.4444408E+001   0.0000000E+000          0
  -4.8983212E+001   2.8125553E-001   0.0000000E+000   2.2003622E+000   0.0000000E+000   1.6497091E+001   0.0000000E+000          0
  -4.7983270E+001   2.1647592E-001   0.0000000E+000   2.4516282E+000   0.0000000E+000   1.8828347E+001   0.0000000E+000          0
  -4.6983328E+001   1.2042503E-001   0.0000000E+000   2.6232159E+000   0.0000000E+000   2.1373665E+001   0.0000000E+000          0
  -4.5983386E+001  -2.0177814E-002   0.0000000E+000   2.6772885E+000   0.0000000E+000   2.4035489E+001   0.0000000E+000          0
  -4.4983444E+001  -2.0081253E-001   0.0000000E+000   2.5689898E+000   0.0000000E+000   2.6673496E+001   0.0000000E+000          0
  -4.3983502E+001  -3.8797622E-001   0.0000000E+000   2.2735400E+000   0.0000000E+000   2.9110186E+001   0.0000000E+000          0
  -4.2983560E+001  -5.5010054E-001   0.0000000E+000   1.8020014E+000   0.0000000E+000   3.1161360E+001   0.0000000E+000          0
  -4.1983618E+001  -6.8740189E-001   0.0000000E+000   1.1820039E+000   0.0000000E+000   3.2664757E+001   0.0000000E+000          0
  -4.0983676E+001  -8.1790638E-001   0.0000000E+000   4.2914540E-001   0.0000000E+000   3.3481164E+001   0.0000000E+000          0
  -3.9983734E+001  -9.3863272E-001   0.0000000E+000  -4.5094223E-001   0.0000000E+000   3.3480289E+001   0.0000000E+000          0
  -3.8983793E+001  -1.0193689E+000   0.0000000E+000  -1.4346031E+000   0.0000000E+000   3.2544298E+001   0.0000000E+000          0
  -3.7983851E+001  -1.0300088E+000   0.0000000E+000  -2.4660157E+000   0.0000000E+000   3.0595000E+001   0.0000000E+000          0
  -3.6983909E+001  -9.5122320E-001   0.0000000E+000  -3.4646022E+000   0.0000000E+000   2.7623274E+001   0.0000000E+000          0
  -3.5983967E+001  -7.7558272E-001   0.0000000E+000  -4.3356267E+000   0.0000000E+000   2.3708753E+001   0.0000000E+000          0
  -3.4984025E+001  -5.2231284E-001   0.0000000E+000  -4.9894406E+000   0.0000000E+000   1.9025425E+001   0.0000000E+000          0
  -3.3984083E+001  -2.3026899E-001   0.0000000E+000  -5.3675217E+000   0.0000000E+000   1.3822908E+001   0.0000000E+000          0
  -3.2984141E+001   7.3323544E-002   0.0000000E+000  -5.4464177E+000   0.0000000E+000   8.3909410E+000   0.0000000E+000          0
  -3.1984199E+001   3.7940570E-001   0.0000000E+000  -5.2200523E+000   0.0000000E+000   3.0324965E+000   0.0000000E+000          0
  -3.0984257E+001   6.7890317E-001   0.0000000E+000  -4.6895329E+000   0.0000000E+000  -1.9469640E+000   0.0000000E+000          0
  -2.9984315E+001   9.4502434E-001   0.0000000E+000  -3.8732233E+000   0.0000000E+000  -6.2502287E+000   0.0000000E+000          0
  -2.8984373E+001   1.1410377E+000   0.0000000E+000  -2.8233510E+000   0.0000000E+000  -9.6146553E+000   0.0000000E+000          0
  -2.7984432E+001   1.2510821E+000   0.0000000E+000  -1.6203442E+000   0.0000000E+000  -1.1845571E+001   0.0000000E+000          0
  -2.6984490E+001   1.2827601E+000   0.0000000E+000  -3.4738295E-001   0.0000000E+000  -1.2832022E+001   0.0000000E+000          0
  -2.5984548E+001   1.2423230E+000   0.0000000E+000   9.2123194E-001   0.0000000E+000  -1.2541740E+001   0.0000000E+000          0
  -2.4984606E+001   1.1228640E+000   0.0000000E+000   2.1108385E+000   0.0000000E+000  -1.1015810E+001   0.0000000E+000          0
  -2.3984664E+001   9.1681313E-001   0.0000000E+000   3.1375453E+000   0.0000000E+000  -8.3746023E+000   0.0000000E+000          0
  -2.2984722E+001   6.4063133E-001   0.0000000E+000   3.9206088E+000   0.0000000E+000  -4.8227565E+000   0.0000000E+000          0
  -2.1984780E+001   3.3087964E-001   0.0000000E+000   4.4077863E+000   0.0000000E+000  -6.3298951E-001   0.0000000E+000          0
  -2.0984838E+001   1.3282058E-002   0.0000000E+000   4.5800231E+000   0.0000000E+000   3.8871328E+000   0.0000000E+000          0
  -1.9984896E+001  -3.0409682E-001   0.0000000E+000   4.4344168E+000   0.0000000E+000   8.4205516E+000   0.0000000E+000          0
  -1.8984954E+001  -6.1286841E-001   0.0000000E+000   3.9744181E+000   0.0000000E+000   1.2650453E+001   0.0000000E+000          0
  -1.7985012E+001  -8.8668279E-001   0.0000000E+000   3.2201737E+000   0.0000000E+000   1.6270316E+001   0.0000000E+000          0
  -1.6985071E+001  -1.0890649E+000   0.0000000E+000   2.2253537E+000   0.0000000E+000   1.9009786E+001   0.0000000E+000          0
  -1.5985129E+001  -1.2043683E+000   0.0000000E+000   1.0716045E+000   0.0000000E+000   2.0667806E+001   0.0000000E+000          0
  -1.4985187E+001  -1.2404300E+000   0.0000000E+000  -1.5690099E-001   0.0000000E+000   2.1128141E+001   0.0000000E+000          0
  -1.3985245E+001  -1.2037115E+000   0.0000000E+000  -1.3850952E+000   0.0000000E+000   2.0354122E+001   0.0000000E+000          0
  -1.2985303E+001  -1.0874769E+000   0.0000000E+000  -2.5377395E+000   0.0000000E+000   1.8383105E+001   0.0000000E+000          0
  -1.1985361E+001  -8.8429571E-001   0.0000000E+000  -3.5305209E+000   0.0000000E+000   1.5332222E+001   0.0000000E+000          0
  -1.0985419E+001  -6.1073034E-001   0.0000000E+000  -4.2823951E+000   0.0000000E+000   1.1403235E+001   0.0000000E+000          0
  -9.9854772E+000  -3.0339636E-001   0.0000000E+000  -4.7408977E+000   0.0000000E+000   6.8662409E+000   0.0000000E+000          0
  -8.9855353E+000   1.1966537E-002   0.0000000E+000  -4.8867852E+000   0.0000000E+000   2.0263866E+000   0.0000000E+000          0
  -7.9855934E+000   3.2729238E-001   0.0000000E+000  -4.7169734E+000   0.0000000E+000  -2.8015033E+000   0.0000000E+000          0
  -6.9856515E+000   6.3419916E-001   0.0000000E+000  -4.2347294E+000   0.0000000E+000  -7.3026678E+000   0.0000000E+000          0
  -5.9857095E+000   9.0636274E-001   0.0000000E+000  -3.4600000E+000   0.0000000E+000  -1.1172448E+001   0.0000000E+000          0
  -4.9857676E+000   1.1073315E+000   0.0000000E+000  -2.4462275E+000   0.0000000E+000  -1.4142137E+001   0.0000000E+000          0
  -3.9858257E+000   1.2214413E+000   0.0000000E+000  -1.2748263E+000   0.0000000E+000  -1.6012092E+001   0.0000000E+000          0
  -2.9858838E+000   1.2564921E+000   0.0000000E+000  -2.9768027E-002   0.0000000E+000  -1.6667277E+001   0.0000000E+000          0
  -1.9859419E+000   1.2189170E+000   0.0000000E+000   1.2140472E+000   0.0000000E+000  -1.6072035E+001   0.0000000E+000          0
  -9.8600000E-001   1.1019545E+000   0.0000000E+000   2.3815229E+000   0.0000000E+000  -1.4264580E+001   0.0000000E+000          0
   1.3941909E-002   8.9812915E-001   0.0000000E+000   3.3884545E+000   0.0000000E+000  -1.1362776E+001   0.0000000E+000          0
   1.0138838E+000   6.2394495E-001   0.0000000E+000   4.1538516E+000   0.0000000E+000  -7.5690346E+000   0.0000000E+000          0
   2.0138257E+000   3.1599329E-001   0.0000000E+000   4.6252587E+000   0.0000000E+000  -3.1540731E+000   0.0000000E+000          0
   3.0137676E+000   2.8551752E-005   0.0000000E+000   4.7834395E+000   0.0000000E+000   1.5763454E+000   0.0000000E+000          0
   4.0137095E+000  -3.1587060E-001   0.0000000E+000   4.6253330E+000   0.0000000E+000   6.3067957E+000   0.0000000E+000          0
   5.0136515E+000  -6.2332686E-001   0.0000000E+000   4.1542339E+000   0.0000000E+000   1.0721943E+001   0.0000000E+000          0
   6.0135934E+000  -8.9602020E-001   0.0000000E+000   3.3901090E+000   0.0000000E+000   1.4516578E+001   0.0000000E+000          0
   7.0135353E+000  -1.0974747E+000   0.0000000E+000   2.3864303E+000   0.0000000E+000   1.7421467E+001   0.0000000E+000          0
   8.0134772E+000  -1.2119922E+000   0.0000000E+000   1.2246744E+000   0.0000000E+000   1.9236485E+001   0.0000000E+000          0
   9.0134191E+000  -1.2473674E+000   0.0000000E+000  -1.1103908E-002   0.0000000E+000   1.9846188E+001   0.0000000E+000          0
   1.0013361E+001  -1.2100493E+000   0.0000000E+000  -1.2459282E+000   0.0000000E+000   1.9214593E+001   0.0000000E+000          0
   1.1013303E+001  -1.0932921E+000   0.0000000E+000  -2.4046434E+000   0.0000000E+000   1.7379656E+001   0.0000000E+000          0
   1.2013245E+001  -8.8962507E-001   0.0000000E+000  -3.4029963E+000   0.0000000E+000   1.4459035E+001   0.0000000E+000          0
   1.3013187E+001  -6.1555362E-001   0.0000000E+000  -4.1599494E+000   0.0000000E+000   1.0654984E+001   0.0000000E+000          0
   1.4013129E+001  -3.0768655E-001   0.0000000E+000  -4.6230093E+000   0.0000000E+000   6.2381055E+000   0.0000000E+000          0
   1.5013071E+001   8.1995122E-003   0.0000000E+000  -4.7729230E+000   0.0000000E+000   1.5140761E+000   0.0000000E+000          0
   1.6013012E+001   3.2401650E-001   0.0000000E+000  -4.6066298E+000   0.0000000E+000  -3.2017583E+000   0.0000000E+000          0
   1.7012954E+001   6.3139355E-001   0.0000000E+000  -4.1274259E+000   0.0000000E+000  -7.5941448E+000   0.0000000E+000          0
   1.8012896E+001   9.0403065E-001   0.0000000E+000  -3.3552656E+000   0.0000000E+000  -1.1357951E+001   0.0000000E+000          0
   1.9012838E+001   1.1054662E+000   0.0000000E+000  -2.3435895E+000   0.0000000E+000  -1.4223999E+001   0.0000000E+000          0
   2.0012780E+001   1.2199984E+000   0.0000000E+000  -1.1738378E+000   0.0000000E+000  -1.5992182E+001   0.0000000E+000          0
   2.1012722E+001   1.2554205E+000   0.0000000E+000   6.9966761E-002   0.0000000E+000  -1.6547042E+001   0.0000000E+000          0
   2.2012664E+001   1.2181906E+000   0.0000000E+000   1.3128840E+000   0.0000000E+000  -1.5852549E+001   0.0000000E+000          0
   2.3012606E+001   1.1015697E+000   0.0000000E+000   2.4798044E+000   0.0000000E+000  -1.3946569E+001   0.0000000E+000          0
   2.4012548E+001   8.9806815E-001   0.0000000E+000   3.4865165E+000   0.0000000E+000  -1.0946626E+001   0.0000000E+000          0
   2.5012490E+001   6.2414278E-001   0.0000000E+000   4.2519889E+000   0.0000000E+000  -7.0548122E+000   0.0000000E+000          0
   2.6012432E+001   3.1636444E-001   0.0000000E+000   4.7236873E+000   0.0000000E+000  -2.5415880E+000   0.0000000E+000          0
   2.7012373E+001   4.9820376E-004   0.0000000E+000   4.8822944E+000   0.0000000E+000   2.2874583E+000   0.0000000E+000          0
   2.8012315E+001  -3.1538113E-001   0.0000000E+000   4.7246752E+000   0.0000000E+000   7.1169997E+000   0.0000000E+000          0
   2.9012257E+001  -6.2293404E-001   0.0000000E+000   4.2540293E+000   0.0000000E+000   1.1631718E+001   0.0000000E+000          0
   3.0012199E+001  -8.9589964E-001   0.0000000E+000   3.4901777E+000   0.0000000E+000   1.5526302E+001   0.0000000E+000          0
   3.1012141E+001  -1.0978436E+000   0.0000000E+000   2.4863942E+000   0.0000000E+000   1.8531243E+001   0.0000000E+000          0
   3.2012083E+001  -1.2131152E+000   0.0000000E+000   1.3239187E+000   0.0000000E+000   2.0445922E+001   0.0000000E+000          0
   3.3012025E+001  -1.2496616E+000   0.0000000E+000   8.6477490E-002   0.0000000E+000   2.1154129E+001   0.0000000E+000          0
   3.4011967E+001  -1.2142674E+000   0.0000000E+000  -1.1515192E+000   0.0000000E+000   2.0618684E+001   0.0000000E+000          0
   3.5011909E+001  -1.1008249E+000   0.0000000E+000  -2.3159538E+000   0.0000000E+000   1.8875567E+001   0.0000000E+000          0
   3.6011851E+001  -9.0311606E-001   0.0000000E+000  -3.3245158E+000   0.0000000E+000   1.6039021E+001   0.0000000E+000          0
   3.7011793E+001  -6.4031555E-001   0.0000000E+000  -4.0999697E+000   0.0000000E+000   1.2305134E+001   0.0000000E+000          0
   3.8011734E+001  -3.5491595E-001   0.0000000E+000  -4.5976965E+000   0.0000000E+000   7.9327678E+000   0.0000000E+000          0
   3.9011676E+001  -8.4688931E-002   0.0000000E+000  -4.8149999E+000   0.0000000E+000   3.2041666E+000   0.0000000E+000          0
   4.0011618E+001   1.4444055E-001   0.0000000E+000  -4.7808641E+000   0.0000000E+000  -1.6125534E+000   0.0000000E+000          0
   4.1011560E+001   3.1874977E-001   0.0000000E+000  -4.5448376E+000   0.0000000E+000  -6.2896661E+000   0.0000000E+000          0
   4.2011502E+001   4.4917661E-001   0.0000000E+000  -4.1582635E+000   0.0000000E+000  -1.0651871E+001   0.0000000E+000          0
   4.3011444E+001   5.5779268E-001   0.0000000E+000  -3.6533635E+000   0.0000000E+000  -1.4566511E+001   0.0000000E+000          0
   4.4011386E+001   6.4237692E-001   0.0000000E+000  -3.0502652E+000   0.0000000E+000  -1.7925138E+001   0.0000000E+000          0
   4.5011328E+001   6.7465354E-001   0.0000000E+000  -2.3863424E+000   0.0000000E+000  -2.0645954E+001   0.0000000E+000          0
   4.6011270E+001   6.3858362E-001   0.0000000E+000  -1.7244319E+000   0.0000000E+000  -2.2698235E+001   0.0000000E+000          0
   4.7011212E+001   5.5310763E-001   0.0000000E+000  -1.1259504E+000   0.0000000E+000  -2.4116260E+001   0.0000000E+000          0
   4.8011154E+001   4.5058603E-001   0.0000000E+000  -6.2353299E-001   0.0000000E+000  -2.4982401E+001   0.0000000E+000          0
   4.9011095E+001   3.4210621E-001   0.0000000E+000  -2.2652861E-001   0.0000000E+000  -2.5398323E+001   0.0000000E+000          0
   5.0011037E+001   2.2482998E-001   0.0000000E+000   5.7286632E-002   0.0000000E+000  -2.5473178E+001   0.0000000E+000          0
   5.1010979E+001   1.1542308E-001   0.0000000E+000   2.2549927E-001   0.0000000E+000  -2.5322727E+001   0.0000000E+000          0
   5.2010921E+001   4.0552929E-002   0.0000000E+000   3.0013426E-001   0.0000000E+000  -2.5053662E+001   0.0000000E+000          0
   5.3010863E+001   2.5462281E-003   0.0000000E+000   3.1913151E-001   0.0000000E+000  -2.4740865E+001   0.0000000E+000          0
   5.4010805E+001  -1.2975739E-002   0.0000000E+000   3.1263367E-001   0.0000000E+000  -2.4423711E+001   0.0000000E+000          0
   5.5010747E+001  -1.8060524E-002   0.0000000E+000   2.9657107E-001   0.0000000E+000  -2.4118704E+001   0.0000000E+000          0
   5.6010689E+001  -1.8872290E-002   0.0000000E+000   2.7789326E-001   0.0000000E+000  -2.3831422E+001   0.0000000E+000          0
   5.7010631E+001  -1.8075812E-002   0.0000000E+000   2.5934531E-001   0.0000000E+000  -2.3562885E+001   0.0000000E+000          0
   5.8010573E+001  -1.6759113E-002   0.0000000E+000   2.4190912E-001   0.0000000E+000  -2.3312382E+001   0.0000000E+000          0
   5.9010515E+001  -1.5353317E-002   0.0000000E+000   2.2585546E-001   0.0000000E+000  -2.3078631E+001   0.0000000E+000          0
   6.0010456E+001  -1.4020206E-002   0.0000000E+000   2.1117870E-001   0.0000000E+000  -2.2860238E+001   0.0000000E+000          0
   6.1010398E+001  -1.2811500E-002   0.0000000E+000   1.9777468E-001   0.0000000E+000  -2.2655873E+001   0.0000000E+000          0
   6.2010340E+001  -1.1734727E-002   0.0000000E+000   1.8551302E-001   0.0000000E+000  -2.2464330E+001   0.0000000E+000          0
   6.3010282E+001  -1.0780748E-002   0.0000000E+000   1.7426560E-001   0.0000000E+000  -2.2284531E+001   0.0000000E+000          0
   6.4010224E+001  -9.9352669E-003   0.0000000E+000   1.6391661E-001   0.0000000E+000  -2.2115520E+001   0.0000000E+000          0
   6.5010166E+001  -9.1835201E-003   0.0000000E+000   1.5436500E-001   0.0000000E+000  -2.1956451E+001   0.0000000E+000          0
   6.6010108E+001  -8.5120430E-003   0.0000000E+000   1.4552391E-001   0.0000000E+000  -2.1806572E+001   0.0000000E+000          0
   6.7010050E+001  -7.9091899E-003   0.0000000E+000   1.3731905E-001   0.0000000E+000  -2.1665208E+001   0.0000000E+000          0
   6.8009992E+001  -7.3651380E-003   0.0000000E+000   1.2968687E-001   0.0000000E+000  -2.1531759E+001   0.0000000E+000          0
   6.9009934E+001  -6.8717002E-003   0.0000000E+000   1.2257278E-001   0.0000000E+000  -2.1405677E+001   0.0000000E+000          0
   7.0009876E+001  -6.4220842E-003   0.0000000E+000   1.1592968E-001   0.0000000E+000  -2.1286470E+001   0.0000000E+000          0
   7.1009817E+001  -6.0106586E-003   0.0000000E+000   1.0971664E-001   0.0000000E+000  -2.1173688E+001   0.0000000E+000          0
   7.2009759E+001  -5.6327441E-003   0.0000000E+000   1.0389790E-001   0.0000000E+000  -2.1066918E+001   0.0000000E+000          0
   7.3009701E+001  -5.2844375E-003   0.0000000E+000   9.8441949E-002   0.0000000E+000  -2.0965783E+001   0.0000000E+000          0
   7.4009643E+001  -4.9624663E-003   0.0000000E+000   9.3320868E-002   0.0000000E+000  -2.0869934E+001   0.0000000E+000          0
   7.5009585E+001  -4.6640698E-003   0.0000000E+000   8.8509741E-002   0.0000000E+000  -2.0779049E+001   0.0000000E+000          0
   7.6009527E+001  -4.3869030E-003   0.0000000E+000   8.3986199E-002   0.0000000E+000  -2.0692829E+001   0.0000000E+000          0
   7.7009469E+001  -4.1289597E-003   0.0000000E+000   7.9730041E-002   0.0000000E+000  -2.0610998E+001   0.0000000E+000          0
   7.8009411E+001  -3.8885102E-003   0.0000000E+000   7.5722931E-002   0.0000000E+000  -2.0533296E+001   0.0000000E+000          0
   7.9009353E+001  -3.6640514E-003   0.0000000E+000   7.1948145E-002   0.0000000E+000  -2.0459483E+001   0.0000000E+000          0
   8.0009295E+001  -3.4542672E-003   0.0000000E+000   6.8390365E-002   0.0000000E+000  -2.0389335E+001   0.0000000E+000          0
   8.1009237E+001  -3.2579961E-003   0.0000000E+000   6.5035510E-002   0.0000000E+000  -2.0322643E+001   0.0000000E+000          0
   8.2009178E+001  -3.0742060E-003   0.0000000E+000   6.1870593E-002   0.0000000E+000  -2.0259209E+001   0.0000000E+000          0
   8.3009120E+001  -2.9019729E-003   0.0000000E+000   5.8883604E-002   0.0000000E+000  -2.0198849E+001   0.0000000E+000          0
   8.4009062E+001  -2.7404647E-003   0.0000000E+000   5.6063410E-002   0.0000000E+000  -2.0141393E+001   0.0000000E+000          0
   8.5009004E+001  -2.5889276E-003   0.0000000E+000   5.3399670E-002   0.0000000E+000  -2.0086677E+001   0.0000000E+000          0
   8.6008946E+001  -2.4466751E-003   0.0000000E+000   5.0882762E-002   0.0000000E+000  -2.0034551E+001   0.0000000E+000          0
   8.7008888E+001  -2.3130793E-003   0.0000000E+000   4.8503720E-002   0.0000000E+000  -1.9984871E+001   0.0000000E+000          0
   8.8008830E+001  -2.1875636E-003   0.0000000E+000   4.6254180E-002   0.0000000E+000  -1.9937506E+001   0.0000000E+000          0
   8.9008772E+001  -2.0695965E-003   0.0000000E+000   4.4126331E-002   0.0000000E+000  -1.9892328E+001   0.0000000E+000          0
   9.0008714E+001  -1.9586867E-003   0.0000000E+000   4.2112875E-002   0.0000000E+000  -1.9849220E+001   0.0000000E+000          0
   9.1008656E+001  -1.8543793E-003   0.0000000E+000   4.0206985E-002   0.0000000E+000  -1.9808071E+001   0.0000000E+000          0
   9.2008598E+001  -1.7562516E-003   0.0000000E+000   3.8402273E-002   0.0000000E+000  -1.9768777E+001   0.0000000E+000          0
   9.3008539E+001  -1.6639107E-003   0.0000000E+000   3.6692758E-002   0.0000000E+000  -1.9731239E+001   0.0000000E+000          0
   9.4008481E+001  -1.5769906E-003   0.0000000E+000   3.5072838E-002   0.0000000E+000  -1.9695366E+001   0.0000000E+000          0
   9.5008423E+001  -1.4951503E-003   0.0000000E+000   3.3537267E-002   0.0000000E+000  -1.9661070E+001   0.0000000E+000          0
   9.6008365E+001  -1.4180712E-003   0.0000000E+000   3.2081125E-002   0.0000000E+000  -1.9628269E+001   0.0000000E+000          0
   9.7008307E+001  -1.3454562E-003   0.0000000E+000   3.0699801E-002   0.0000000E+000  -1.9596886E+001   0.0000000E+000          0
   9.8008249E+001  -1.2770274E-003   0.0000000E+000   2.9388973E-002   0.0000000E+000  -1.9566849E+001   0.0000000E+000          0
   9.9008191E+001  -1.2125250E-003   0.0000000E+000   2.8144586E-002   0.0000000E+000  -1.9538089E+001   0.0000000E+000          0
   1.0000813E+002  -1.1517064E-003   0.0000000E+000   2.6962837E-002   0.0000000E+000  -1.9510542E+001   0.0000000E+000          0
   1.0100807E+002  -1.0943442E-003   0.0000000E+000   2.5840156E-002   0.0000000E+000  -1.9484147E+001   0.0000000E+000          0
   1.0200802E+002  -1.0402261E-003   0.0000000E+000   2.4773194E-002   0.0000000E+000  -1.9458847E+001   0.0000000E+000          0
   1.0300796E+002  -9.8915303E-004   0.0000000E+000   2.3758809E-002   0.0000000E+000  -1.9434586E+001   0.0000000E+000          0
   1.0400790E+002  -9.4093896E-004   0.0000000E+000   2.2794050E-002   0.0000000E+000  -1.9411315E+001   0.0000000E+000          0
   1.0500784E+002  -8.9540966E-004   0.0000000E+000   2.1876146E-002   0.0000000E+000  -1.9388985E+001   0.0000000E+000          0
   1.0600778E+002  -8.5240203E-004   0.0000000E+000   2.1002495E-002   0.0000000E+000  -1.9367551E+001   0.0000000E+000          0
   1.0700773E+002  -8.1176340E-004   0.0000000E+000   2.0170652E-002   0.0000000E+000  -1.9346969E+001   0.0000000E+000          0
   1.0800767E+002  -7.7335081E-004   0.0000000E+000   1.9378320E-002   0.0000000E+000  -1.9327199E+001   0.0000000E+000          0
   1.0900761E+002  -7.3703041E-004   0.0000000E+000   1.8623343E-002   0.0000000E+000  -1.9308202E+001   0.0000000E+000          0
   1.1000755E+002  -7.0267684E-004   0.0000000E+000   1.7903690E-002   0.0000000E+000  -1.9289942E+001   0.0000000E+000          0
   1.1100749E+002  -6.7017272E-004   0.0000000E+000   1.7217454E-002   0.0000000E+000  -1.9272385E+001   0.0000000E+000          0
   1.1200744E+002  -6.3940809E-004   0.0000000E+000   1.6562842E-002   0.0000000E+000  -1.9255499E+001   0.0000000E+000          0
   1.1300738E+002  -6.1027995E-004   0.0000000E+000   1.5938167E-002   0.0000000E+000  -1.9239252E+001   0.0000000E+000          0
   1.1400732E+002  -5.8269180E-004   0.0000000E+000   1.5341840E-002   0.0000000E+000  -1.9223615E+001   0.0000000E+000          0
   1.1500726E+002  -5.5655322E-004   0.0000000E+000   1.4772368E-002   0.0000000E+000  -1.9208561E+001   0.0000000E+000          0
   1.1600720E+002  -5.3177949E-004   0.0000000E+000   1.4228344E-002   0.0000000E+000  -1.9194063E+001   0.0000000E+000          0
   1.1700715E+002  -5.0829119E-004   0.0000000E+000   1.3708442E-002   0.0000000E+000  -1.9180098E+001   0.0000000E+000          0
   1.1800709E+002  -4.8601387E-004   0.0000000E+000   1.3211417E-002   0.0000000E+000  -1.9166640E+001   0.0000000E+000          0
   1.1900703E+002  -4.6487773E-004   0.0000000E+000   1.2736091E-002   0.0000000E+000  -1.9153669E+001   0.0000000E+000          0
   1.2000697E+002  -4.4481732E-004   0.0000000E+000   1.2281357E-002   0.0000000E+000  -1.9141163E+001   0.0000000E+000          0
   1.2100691E+002  -4.2577124E-004   0.0000000E+000   1.1846170E-002   0.0000000E+000  -1.9129101E+001   0.0000000E+000          0
   1.2200685E+002  -4.0768190E-004   0.0000000E+000   1.1429545E-002   0.0000000E+000  -1.9117466E+001   0.0000000E+000          0
   1.2300680E+002  -3.9049524E-004   0.0000000E+000   1.1030553E-002   0.0000000E+000  -1.9106238E+001   0.0000000E+000          0
   1.2400674E+002  -3.7416055E-004   0.0000000E+000   1.0648316E-002   0.0000000E+000  -1.9095400E+001   0.0000000E+000          0
   1.2500668E+002  -3.5863020E-004   0.0000000E+000   1.0282007E-002   0.0000000E+000  -1.9084937E+001   0.0000000E+000          0
   1.2600662E+002  -3.4385947E-004   0.0000000E+000   9.9308440E-003   0.0000000E+000  -1.9074832E+001   0.0000000E+000          0
   1.2700656E+002  -3.2980637E-004   0.0000000E+000   9.5940887E-003   0.0000000E+000  -1.9065072E+001   0.0000000E+000          0
   1.2800651E+002  -3.1643144E-004   0.0000000E+000   9.2710435E-003   0.0000000E+000  -1.9055641E+001   0.0000000E+000          0
   1.2900645E+002  -3.0369759E-004   0.0000000E+000   8.9610490E-003   0.0000000E+000  -1.9046526E+001   0.0000000E+000          0
   1.3000639E+002  -2.9156998E-004   0.0000000E+000   8.6634816E-003   0.0000000E+000  -1.9037716E+001   0.0000000E+000          0
   1.3100633E+002  -2.8001583E-004   0.0000000E+000   8.3777518E-003   0.0000000E+000  -1.9029196E+001   0.0000000E+000          0
   1.3200627E+002  -2.6900431E-004   0.0000000E+000   8.1033016E-003   0.0000000E+000  -1.9020957E+001   0.0000000E+000          0
   1.3300622E+002  -2.5850643E-004   0.0000000E+000   7.8396032E-003   0.0000000E+000  -1.9012987E+001   0.0000000E+000          0
   1.3400616E+002  -2.4849491E-004   0.0000000E+000   7.5861567E-003   0.0000000E+000  -1.9005276E+001   0.0000000E+000          0
   1.3500610E+002  -2.3894405E-004   0.0000000E+000   7.3424887E-003   0.0000000E+000  -1.8997813E+001   0.0000000E+000          0
   1.3600604E+002  -2.2982967E-004   0.0000000E+000   7.1081509E-003   0.0000000E+000  -1.8990588E+001   0.0000000E+000          0
   1.3700598E+002  -2.2112899E-004   0.0000000E+000   6.8827182E-003   0.0000000E+000  -1.8983594E+001   0.0000000E+000          0
   1.3800593E+002  -2.1282055E-004   0.0000000E+000   6.6657879E-003   0.0000000E+000  -1.8976821E+001   0.0000000E+000          0
   1.3900587E+002  -2.0488411E-004   0.0000000E+000   6.4569779E-003   0.0000000E+000  -1.8970261E+001   0.0000000E+000          0
   1.4000581E+002  -1.9730061E-004   0.0000000E+000   6.2559259E-003   0.0000000E+000  -1.8963905E+001   0.0000000E+000          0
   1.4100575E+002  -1.9005206E-004   0.0000000E+000   6.0622880E-003   0.0000000E+000  -1.8957747E+001   0.0000000E+000          0
   1.4200569E+002  -1.8312150E-004   0.0000000E+000   5.8757378E-003   0.0000000E+000  -1.8951779E+001   0.0000000E+000          0
   1.4300563E+002  -1.7649292E-004   0.0000000E+000   5.6959656E-003   0.0000000E+000  -1.8945994E+001   0.0000000E+000          0
   1.4400558E+002  -1.7015122E-004   0.0000000E+000   5.5226769E-003   0.0000000E+000  -1.8940385E+001   0.0000000E+000          0
   1.4500552E+002  -1.6408212E-004   0.0000000E+000   5.3555921E-003   0.0000000E+000  -1.8934947E+001   0.0000000E+000          0
   1.4600546E+002  -1.5827216E-004   0.0000000E+000   5.1944453E-003   0.0000000E+000  -1.8929673E+001   0.0000000E+000          0
   1.4700540E+002  -1.5270860E-004   0.0000000E+000   5.0389840E-003   0.0000000E+000  -1.8924557E+001   0.0000000E+000          0
   1.4800534E+002  -1.4737940E-004   0.0000000E+000   4.8889678E-003   0.0000000E+000  -1.8919594E+001   0.0000000E+000          0
   1.4900529E+002  -1.4227320E-004   0.0000000E+000   4.7441680E-003   0.0000000E+000  -1.8914778E+001   0.0000000E+000          0
   1.5000523E+002  -1.3737924E-004   0.0000000E+000   4.6043672E-003   0.0000000E+000  -1.8910104E+001   0.0000000E+000          0
   1.5100517E+002  -1.3268735E-004   0.0000000E+000   4.4693581E-003   0.0000000E+000  -1.8905568E+001   0.0000000E+000          0
   1.5200511E+002  -1.2818789E-004   0.0000000E+000   4.3389438E-003   0.0000000E+000  -1.8901165E+001   0.0000000E+000          0
   1.5300505E+002  -1.2387176E-004   0.0000000E+000   4.2129362E-003   0.0000000E+000  -1.8896889E+001   0.0000000E+000          0
   1.5400500E+002  -1.1973031E-004   0.0000000E+000   4.0911564E-003   0.0000000E+000  -1.8892738E+001   0.0000000E+000          0
   1.5500494E+002  -1.1575539E-004   0.0000000E+000   3.9734339E-003   0.0000000E+000  -1.8888706E+001   0.0000000E+000          0
   1.5600488E+002  -1.1193925E-004   0.0000000E+000   3.8596062E-003   0.0000000E+000  -1.8884790E+001   0.0000000E+000          0
   1.5700482E+002  -1.0827454E-004   0.0000000E+000   3.7495180E-003   0.0000000E+000  -1.8880986E+001   0.0000000E+000          0
   1.5800476E+002  -1.0475432E-004   0.0000000E+000   3.6430215E-003   0.0000000E+000  -1.8877290E+001   0.0000000E+000          0
   1.5900471E+002  -1.0137198E-004   0.0000000E+000   3.5399756E-003   0.0000000E+000  -1.8873699E+001   0.0000000E+000          0
   1.6000465E+002  -9.8121265E-005   0.0000000E+000   3.4402455E-003   0.0000000E+000  -1.8870210E+001   0.0000000E+000          0
   1.6100459E+002  -9.4996242E-005   0.0000000E+000   3.3437026E-003   0.0000000E+000  -1.8866818E+001   0.0000000E+000          0
   1.6200453E+002  -9.1991272E-005   0.0000000E+000   3.2502240E-003   0.0000000E+000  -1.8863522E+001   0.0000000E+000          0
   1.6300447E+002  -8.9101004E-005   0.0000000E+000   3.1596925E-003   0.0000000E+000  -1.8860317E+001   0.0000000E+000          0
   1.6400441E+002  -8.6320357E-005   0.0000000E+000   3.0719958E-003   0.0000000E+000  -1.8857202E+001   0.0000000E+000          0
   1.6500436E+002  -8.3644503E-005   0.0000000E+000   2.9870269E-003   0.0000000E+000  -1.8854173E+001   0.0000000E+000          0
   1.6600430E+002  -8.1068855E-005   0.0000000E+000   2.9046831E-003   0.0000000E+000  -1.8851227E+001   0.0000000E+000          0
   1.6700424E+002  -7.8589052E-005   0.0000000E+000   2.8248666E-003   0.0000000E+000  -1.8848363E+001   0.0000000E+000          0
   1.6800418E+002  -7.6200949E-005   0.0000000E+000   2.7474836E-003   0.0000000E+000  -1.8845577E+001   0.0000000E+000          0
   1.6900412E+002  -7.3900601E-005   0.0000000E+000   2.6724443E-003   0.0000000E+000  -1.8842867E+001   0.0000000E+000          0
   1.7000407E+002  -7.1684258E-005   0.0000000E+000   2.5996630E-003   0.0000000E+000  -1.8840231E+001   0.0000000E+000          0
   1.7100401E+002  -6.9548349E-005   0.0000000E+000   2.5290573E-003   0.0000000E+000  -1.8837667E+001   0.0000000E+000          0
   1.7200395E+002  -6.7489477E-005   0.0000000E+000   2.4605487E-003   0.0000000E+000  -1.8835173E+001   0.0000000E+000          0
   1.7300389E+002  -6.5504406E-005   0.0000000E+000   2.3940616E-003   0.0000000E+000  -1.8832746E+001   0.0000000E+000          0
   1.7400383E+002  -6.3590054E-005   0.0000000E+000   2.3295239E-003   0.0000000E+000  -1.8830384E+001   0.0000000E+000          0
   1.7500378E+002  -6.1743486E-005   0.0000000E+000   2.2668663E-003   0.0000000E+000  -1.8828087E+001   0.0000000E+000          0
   1.7600372E+002  -5.9961905E-005   0.0000000E+000   2.2060225E-003   0.0000000E+000  -1.8825850E+001   0.0000000E+000          0
   1.7700366E+002  -5.8242643E-005   0.0000000E+000   2.1469287E-003   0.0000000E+000  -1.8823674E+001   0.0000000E+000          0
   1.7800360E+002  -5.6583158E-005   0.0000000E+000   2.0895240E-003   0.0000000E+000  -1.8821556E+001   0.0000000E+000          0
   1.7900354E+002  -5.4981025E-005   0.0000000E+000   2.0337498E-003   0.0000000E+000  -1.8819495E+001   0.0000000E+000          0
   1.8000349E+002  -5.3433932E-005   0.0000000E+000   1.9795500E-003   0.0000000E+000  -1.8817488E+001   0.0000000E+000          0
   1.8100343E+002  -5.1939671E-005   0.0000000E+000   1.9268706E-003   0.0000000E+000  -1.8815535E+001   0.0000000E+000          0
   1.8200337E+002  -5.0496135E-005   0.0000000E+000   1.8756598E-003   0.0000000E+000  -1.8813634E+001   0.0000000E+000          0
   1.8300331E+002  -4.9101314E-005   0.0000000E+000   1.8258679E-003   0.0000000E+000  -1.8811784E+001   0.0000000E+000          0
   1.8400325E+002  -4.7753287E-005   0.0000000E+000   1.7774473E-003   0.0000000E+000  -1.8809982E+001   0.0000000E+000          0
   1.8500320E+002  -4.6450219E-005   0.0000000E+000   1.7303519E-003   0.0000000E+000  -1.8808229E+001   0.0000000E+000          0
   1.8600314E+002  -4.5190358E-005   0.0000000E+000   1.6845378E-003   0.0000000E+000  -1.8806522E+001   0.0000000E+000          0
   1.8700308E+002  -4.3972029E-005   0.0000000E+000   1.6399626E-003   0.0000000E+000  -1.8804859E+001   0.0000000E+000          0
   1.8800302E+002  -4.2793630E-005   0.0000000E+000   1.5965856E-003   0.0000000E+000  -1.8803241E+001   0.0000000E+000          0
   1.8900296E+002  -4.1653632E-005   0.0000000E+000   1.5543675E-003   0.0000000E+000  -1.8801666E+001   0.0000000E+000          0
   1.9000290E+002  -4.0550570E-005   0.0000000E+000   1.5132708E-003   0.0000000E+000  -1.8800132E+001   0.0000000E+000          0
   1.9100285E+002  -3.9483043E-005   0.0000000E+000   1.4732593E-003   0.0000000E+000  -1.8798639E+001   0.0000000E+000          0
   1.9200279E+002  -3.8449712E-005   0.0000000E+000   1.4342979E-003   0.0000000E+000  -1.8797186E+001   0.0000000E+000          0
   1.9300273E+002  -3.7449295E-005   0.0000000E+000   1.3963533E-003   0.0000000E+000  -1.8795771E+001   0.0000000E+000          0
   1.9400267E+002  -3.6480562E-005   0.0000000E+000   1.3593931E-003   0.0000000E+000  -1.8794393E+001   0.0000000E+000          0
   1.9500261E+002  -3.5542340E-005   0.0000000E+000   1.3233863E-003   0.0000000E+000  -1.8793052E+001   0.0000000E+000          0
   1.9600256E+002  -3.4633503E-005   0.0000000E+000   1.2883028E-003   0.0000000E+000  -1.8791746E+001   0.0000000E+000          0
   1.9700250E+002  -3.3752972E-005   0.0000000E+000   1.2541139E-003   0.0000000E+000  -1.8790475E+001   0.0000000E+000          0
   1.9800244E+002  -3.2899713E-005   0.0000000E+000   1.2207917E-003   0.0000000E+000  -1.8789238E+001   0.0000000E+000          0
   1.9900238E+002  -3.2072738E-005   0.0000000E+000   1.1883095E-003   0.0000000E+000  -1.8788033E+001   0.0000000E+000          0
   2.0000232E+002  -3.1271096E-005   0.0000000E+000   1.1566415E-003   0.0000000E+000  -1.8786861E+001   0.0000000E+000          0
   2.0100227E+002  -3.0493877E-005   0.0000000E+000   1.1257628E-003   0.0000000E+000  -1.8785720E+001   0.0000000E+000          0
   2.0200221E+002  -2.9740210E-005   0.0000000E+000   1.0956494E-003   0.0000000E+000  -1.8784609E+001   0.0000000E+000          0
   2.0300215E+002  -2.9009256E-005   0.0000000E+000   1.0662783E-003   0.0000000E+000  -1.8783528E+001   0.0000000E+000          0
   2.0400209E+002  -2.8300212E-005   0.0000000E+000   1.0376270E-003   0.0000000E+000  -1.8782477E+001   0.0000000E+000          0
   2.0500203E+002  -2.7612309E-005   0.0000000E+000   1.0096741E-003   0.0000000E+000  -1.8781453E+001   0.0000000E+000          0
   2.0600198E+002  -2.6944805E-005   0.0000000E+000   9.8239879E-004   0.0000000E+000  -1.8780457E+001   0.0000000E+000          0
   2.0700192E+002  -2.6296991E-005   0.0000000E+000   9.5578105E-004   0.0000000E+000  -1.8779488E+001   0.0000000E+000          0
   2.0800186E+002  -2.5668185E-005   0.0000000E+000   9.2980152E-004   0.0000000E+000  -1.8778545E+001   0.0000000E+000          0
   2.0900180E+002  -2.5057732E-005   0.0000000E+000   9.0444154E-004   0.0000000E+000  -1.8777628E+001   0.0000000E+000          0
   2.1000174E+002  -2.4465003E-005   0.0000000E+000   8.7968306E-004   0.0000000E+000  -1.8776736E+001   0.0000000E+000          0
   2.1100168E+002  -2.3889394E-005   0.0000000E+000   8.5550867E-004   0.0000000E+000  -1.8775869E+001   0.0000000E+000          0
   2.1200163E+002  -2.3330322E-005   0.0000000E+000   8.3190154E-004   0.0000000E+000  -1.8775025E+001   0.0000000E+000          0
   2.1300157E+002  -2.2787231E-005   0.0000000E+000   8.0884541E-004   0.0000000E+000  -1.8774205E+001   0.0000000E+000          0
   2.1400151E+002  -2.2259583E-005   0.0000000E+000   7.8632458E-004   0.0000000E+000  -1.8773408E+001   0.0000000E+000          0
   2.1500145E+002  -2.1746863E-005   0.0000000E+000   7.6432386E-004   0.0000000E+000  -1.8772632E+001   0.0000000E+000          0
   2.1600139E+002  -2.1248573E-005   0.0000000E+000   7.4282857E-004   0.0000000E+000  -1.8771879E+001   0.0000000E+000          0
   2.1700134E+002  -2.0764236E-005   0.0000000E+000   7.2182453E-004   0.0000000E+000  -1.8771147E+001   0.0000000E+000          0
   2.1800128E+002  -2.0293392E-005   0.0000000E+000   7.0129801E-004   0.0000000E+000  -1.8770435E+001   0.0000000E+000          0
   2.1900122E+002  -1.9835601E-005   0.0000000E+000   6.8123575E-004   0.0000000E+000  -1.8769744E+001   0.0000000E+000          0
   2.2000116E+002  -1.9390435E-005   0.0000000E+000   6.6162491E-004   0.0000000E+000  -1.8769073E+001   0.0000000E+000          0
   2.2100110E+002  -1.8957486E-005   0.0000000E+000   6.4245306E-004   0.0000000E+000  -1.8768421E+001   0.0000000E+000          0
   2.2200105E+002  -1.8536358E-005   0.0000000E+000   6.2370820E-004   0.0000000E+000  -1.8767788E+001   0.0000000E+000          0
   2.2300099E+002  -1.8126673E-005   0.0000000E+000   6.0537868E-004   0.0000000E+000  -1.8767173E+001   0.0000000E+000          0
   2.2400093E+002  -1.7728064E-005   0.0000000E+000   5.8745327E-004   0.0000000E+000  -1.8766577E+001   0.0000000E+000          0
   2.2500087E+002  -1.7340179E-005   0.0000000E+000   5.6992104E-004   0.0000000E+000  -1.8765998E+001   0.0000000E+000          0
   2.2600081E+002  -1.6962677E-005   0.0000000E+000   5.5277146E-004   0.0000000E+000  -1.8765437E+001   0.0000000E+000          0
   2.2700076E+002  -1.6595233E-005   0.0000000E+000   5.3599431E-004   0.0000000E+000  -1.8764893E+001   0.0000000E+000          0
   2.2800070E+002  -1.6237529E-005   0.0000000E+000   5.1957968E-004   0.0000000E+000  -1.8764365E+001   0.0000000E+000          0
   2.2900064E+002  -1.5889263E-005   0.0000000E+000   5.0351799E-004   0.0000000E+000  -1.8763853E+001   0.0000000E+000          0
   2.3000058E+002  -1.5550141E-005   0.0000000E+000   4.8779995E-004   0.0000000E+000  -1.8763358E+001   0.0000000E+000          0
   2.3100052E+002  -1.5219881E-005   0.0000000E+000   4.7241656E-004   0.0000000E+000  -1.8762878E+001   0.0000000E+000          0
   2.3200046E+002  -1.4898208E-005   0.0000000E+000   4.5735909E-004   0.0000000E+000  -1.8762413E+001   0.0000000E+000          0
   2.3300041E+002  -1.4584861E-005   0.0000000E+000   4.4261910E-004   0.0000000E+000  -1.8761963E+001   0.0000000E+000          0
   2.3400035E+002  -1.4279585E-005   0.0000000E+000   4.2818838E-004   0.0000000E+000  -1.8761528E+001   0.0000000E+000          0
   2.3500029E+002  -1.3982136E-005   0.0000000E+000   4.1405898E-004   0.0000000E+000  -1.8761106E+001   0.0000000E+000          0
   2.3600023E+002  -1.3692276E-005   0.0000000E+000   4.0022320E-004   0.0000000E+000  -1.8760699E+001   0.0000000E+000          0
   2.3700017E+002  -1.3409778E-005   0.0000000E+000   3.8667357E-004   0.0000000E+000  -1.8760306E+001   0.0000000E+000          0
   2.3800012E+002  -1.3134421E-005   0.0000000E+000   3.7340282E-004   0.0000000E+000  -1.8759926E+001   0.0000000E+000          0
   2.3900006E+002  -1.2865993E-005   0.0000000E+000   3.6040394E-004   0.0000000E+000  -1.8759559E+001   0.0000000E+000          0
   2.4000000E+002  -1.2604287E-005   0.0000000E+000   3.4767010E-004   0.0000000E+000  -1.8759205E+001   0.0000000E+000          0
