x y
-278.07187 3.012554e-06
-277.07175 1.2098241e-05
-276.07162 2.7329701e-05
-275.07149 4.8780754e-05
-274.07137 7.6526331e-05
-273.07124 0.00011064252
-272.07111 0.00015120657
-271.07098 0.00019829694
-270.07086 0.00025199329
-269.07073 0.00031237653
-268.0706 0.00037952883
-267.07048 0.00045353363
-266.07035 0.00053447569
-265.07022 0.00062244112
-264.0701 0.00071751735
-263.06997 0.00081979323
-262.06984 0.000929359
-261.06971 0.0010463063
-260.06959 0.0011707284
-259.06946 0.0013027198
-258.06933 0.0014423768
-257.06921 0.001589797
-256.06908 0.0017450797
-255.06895 0.0019083258
-254.06883 0.0020796379
-253.0687 0.0022591202
-252.06857 0.0024468786
-251.06844 0.0026430207
-250.06832 0.0028476561
-249.06819 0.0030608959
-248.06806 0.0032828532
-247.06794 0.003513643
-246.06781 0.0037533822
-245.06768 0.0040021896
-244.06756 0.0042601861
-243.06743 0.0045274945
-242.0673 0.0048042398
-241.06717 0.005090549
-240.06705 0.0053865514
-239.06692 0.0056923783
-238.06679 0.0060081636
-237.06667 0.006334043
-236.06654 0.006670155
-235.06641 0.0070166402
-234.06629 0.0073736419
-233.06616 0.0077413055
-232.06603 0.0081197794
-231.0659 0.0085092142
-230.06578 0.0089097634
-229.06565 0.009321583
-228.06552 0.0097448321
-227.0654 0.010179672
-226.06527 0.010626268
-225.06514 0.011084787
-224.06502 0.0115554
-223.06489 0.01203828
-222.06476 0.012533604
-221.06463 0.013041552
-220.06451 0.013562307
-219.06438 0.014096056
-218.06425 0.014642989
-217.06413 0.015203299
-216.064 0.015777183
-215.06387 0.016364842
-214.06375 0.016966481
-213.06362 0.017582307
-212.06349 0.018212533
-211.06337 0.018857375
-210.06324 0.019517053
-209.06311 0.020191792
-208.06298 0.02088182
-207.06286 0.021587371
-206.06273 0.022308682
-205.0626 0.023045995
-204.06248 0.023799557
-203.06235 0.024569619
-202.06222 0.025356439
-201.0621 0.026160279
-200.06197 0.026981404
-199.06184 0.027820087
-198.06171 0.028676606
-197.06159 0.029551244
-196.06146 0.03044429
-195.06133 0.031356038
-194.06121 0.03228679
-193.06108 0.033236853
-192.06095 0.034206539
-191.06083 0.03519617
-190.0607 0.036206071
-189.06057 0.037236576
-188.06044 0.038288026
-187.06032 0.039360769
-186.06019 0.04045516
-185.06006 0.041571562
-184.05994 0.042710347
-183.05981 0.043871895
-182.05968 0.045056592
-181.05956 0.046264836
-180.05943 0.047497032
-179.0593 0.048753596
-178.05917 0.050034952
-177.05905 0.051341534
-176.05892 0.052673788
-175.05879 0.054032169
-174.05867 0.055417143
-173.05854 0.05682919
-172.05841 0.058268798
-171.05829 0.059736471
-170.05816 0.061232723
-169.05803 0.062758084
-168.0579 0.064313096
-167.05778 0.065898317
-166.05765 0.067514317
-165.05752 0.069161687
-164.0574 0.07084103
-163.05727 0.072552969
-162.05714 0.074298144
-161.05702 0.076077214
-160.05689 0.07789086
-159.05676 0.079739781
-158.05663 0.0816247
-157.05651 0.083546365
-156.05638 0.085505545
-155.05625 0.087503038
-154.05613 0.089539669
-153.056 0.091616293
-152.05587 0.093733795
-151.05575 0.095893093
-150.05562 0.098095143
-149.05549 0.10034094
-148.05537 0.1026315
-147.05524 0.10496792
-146.05511 0.10735131
-145.05498 0.10978284
-144.05486 0.11226373
-143.05473 0.11479528
-142.0546 0.11737881
-141.05448 0.12001574
-140.05435 0.12270755
-139.05422 0.1254558
-138.0541 0.12826212
-137.05397 0.13112826
-136.05384 0.13405604
-135.05371 0.13704741
-134.05359 0.14010442
-133.05346 0.14322925
-132.05333 0.14642423
-131.05321 0.14969184
-130.05308 0.15303471
-129.05295 0.15645568
-128.05283 0.15995776
-127.0527 0.1635442
-126.05257 0.16721848
-125.05244 0.17098435
-124.05232 0.17484585
-123.05219 0.17880734
-122.05206 0.18287355
-121.05194 0.18704956
-120.05181 0.19134093
-119.05168 0.19575365
-118.05156 0.20029429
-117.05143 0.20496995
-116.0513 0.20978842
-115.05117 0.21475819
-114.05105 0.21988854
-113.05092 0.22518965
-112.05079 0.23067266
-111.05067 0.23634983
-110.05054 0.24223462
-109.05041 0.24834184
-108.05029 0.25468781
-107.05016 0.26129052
-106.05003 0.26816983
-105.0499 0.2753477
-104.04978 0.28284838
-103.04965 0.29069874
-102.04952 0.29892852
-101.0494 0.3075707
-100.04927 0.31666186
-99.049143 0.32624259
-98.049016 0.33635797
-97.048889 0.34705808
-96.048762 0.35839861
-95.048635 0.37044144
-94.048508 0.38325544
-93.048381 0.39691721
-92.048254 0.41151197
-91.048127 0.42713455
-90.048 0.44389046
-89.047873 0.46189704
-88.047746 0.4812848
-87.047619 0.50219878
-86.047492 0.52480011
-85.047365 0.54926761
-84.047238 0.57579956
-83.047111 0.60461555
-82.046984 0.63595839
-81.046857 0.67009607
-80.04673 0.70732379
-79.046603 0.74796583
-78.046476 0.79237733
-77.046349 0.84094586
-76.046222 0.89409251
-75.046095 0.95227246
-74.045968 1.0159747
-73.045841 1.0857205
-72.045714 1.1620607
-71.045587 1.2455709
-70.04546 1.3368437
-69.045333 1.4364789
-68.045206 1.5450689
-67.045079 1.6631801
-66.044952 1.7913289
-65.044825 1.9299509
-64.044698 2.0793643
-63.044571 2.2397242
-62.044444 2.41097
-61.044317 2.5927638
-60.04419 2.7844206
-59.044063 2.9848309
-58.043937 3.1923757
-57.04381 3.4048347
-56.043683 3.6192856
-55.043556 3.8319927
-54.043429 4.038275
-53.043302 4.2323411
-52.043175 4.4070719
-51.043048 4.5537593
-50.042921 4.6619358
-49.042794 4.7197612
-48.042667 4.7155693
-47.04254 4.6395628
-46.042413 4.4832752
-45.042286 4.2375082
-44.042159 3.8921609
-43.042032 3.4386665
-42.041905 2.8729497
-41.041778 2.1971914
-40.041651 1.4197678
-39.041524 0.55326486
-38.041397 -0.38891981
-37.04127 -1.3948609
-36.041143 -2.4504522
-35.041016 -3.526935
-34.040889 -4.5601471
-33.040762 -5.4336406
-32.040635 -5.9937849
-31.040508 -6.0974146
-30.040381 -5.6521058
-29.040254 -4.629757
-28.040127 -3.0674589
-27.04 -1.0641813
-26.039873 1.2376731
-25.039746 3.6945928
-24.039619 6.1992049
-23.039492 8.6759643
-22.039365 11.044842
-21.039238 13.189789
-20.039111 14.964739
-19.038984 16.235399
-18.038857 16.916831
-17.03873 16.986512
-16.038603 16.485295
-15.038476 15.514205
-14.038349 14.216182
-13.038222 12.734365
-12.038095 11.175776
-11.037968 9.6163797
-10.037841 8.1378407
-9.0377143 6.8592005
-8.0375873 5.9303625
-7.0374603 5.4893814
-6.0373333 5.6243009
-5.0372063 6.360003
-4.0370794 7.6573194
-3.0369524 9.4163293
-2.0368254 11.494729
-1.0366984 13.749731
-0.036571429 16.074561
0.96355556 18.393556
1.9636825 20.625577
2.9638095 22.652488
3.9639365 24.325697
4.9640635 25.508674
5.9641905 26.114936
6.9643175 26.121153
7.9644444 25.568082
8.9645714 24.557286
9.9646984 23.232651
10.964825 21.738222
11.964952 20.181537
12.965079 18.638621
13.965206 17.190779
14.965333 15.956272
15.96546 15.083967
16.965587 14.711004
17.965714 14.924993
18.965841 15.751016
19.965968 17.150788
20.966095 19.025961
21.966222 21.236336
22.966349 23.64124
23.966476 26.135344
24.966603 28.643471
25.96673 31.0841
26.966857 33.338178
27.966984 35.256255
28.967111 36.701611
29.967238 37.588468
30.967365 37.895085
31.967492 37.664662
32.967619 37.00195
33.967746 36.05394
34.967873 34.965153
35.968 33.835875
36.968127 32.717732
37.968254 31.634429
38.968381 30.601084
39.968508 29.63366
40.968635 28.74919
41.968762 27.961983
42.968889 27.280555
43.969016 26.706511
44.969143 26.235361
45.96927 25.858939
46.969397 25.56837
47.969524 25.355537
48.969651 25.211947
49.969778 25.127071
50.969905 25.088895
51.970032 25.085824
52.970159 25.107805
53.970286 25.146458
54.970413 25.194866
55.97054 25.247362
56.970667 25.299344
57.970794 25.347146
58.970921 25.387917
59.971048 25.419518
60.971175 25.440425
61.971302 25.449633
62.971429 25.446574
63.971556 25.431031
64.971683 25.403066
65.97181 25.362962
66.971937 25.311157
67.972063 25.24821
68.97219 25.174748
69.972317 25.091449
70.972444 24.999005
71.972571 24.898111
72.972698 24.789447
73.972825 24.673668
74.972952 24.551399
75.973079 24.423227
76.973206 24.289702
77.973333 24.151331
78.97346 24.008586
79.973587 23.861896
80.973714 23.711655
81.973841 23.558223
82.973968 23.401924
83.974095 23.243054
84.974222 23.081878
85.974349 22.918638
86.974476 22.753549
87.974603 22.586805
88.97473 22.418583
89.974857 22.249039
90.974984 22.078313
91.975111 21.906531
92.975238 21.733806
93.975365 21.56024
94.975492 21.385922
95.975619 21.210934
96.975746 21.035348
97.975873 20.859228
98.976 20.682632
99.976127 20.505612
100.97625 20.328214
101.97638 20.15048
102.97651 19.972445
103.97663 19.794144
104.97676 19.615604
105.97689 19.436854
106.97702 19.257916
107.97714 19.078811
108.97727 18.899558
109.9774 18.720174
110.97752 18.540673
111.97765 18.36107
112.97778 18.181375
113.9779 18.001601
114.97803 17.821755
115.97816 17.641848
116.97829 17.461885
117.97841 17.281875
118.97854 17.101823
119.97867 16.921734
120.97879 16.741614
121.97892 16.561467
122.97905 16.381296
123.97917 16.201105
124.9793 16.020898
125.97943 15.840675
126.97956 15.660441
127.97968 15.480197
128.97981 15.299945
129.97994 15.119687
130.98006 14.939424
131.98019 14.759158
132.98032 14.57889
133.98044 14.39862
134.98057 14.218349
135.9807 14.038079
136.98083 13.857811
137.98095 13.677543
138.98108 13.497278
139.98121 13.317016
140.98133 13.136757
141.98146 12.956501
142.98159 12.776248
143.98171 12.596
144.98184 12.415755
145.98197 12.235515
146.9821 12.055279
147.98222 11.875047
148.98235 11.69482
149.98248 11.514597
150.9826 11.334379
151.98273 11.154166
152.98286 10.973957
153.98298 10.793753
154.98311 10.613554
155.98324 10.433359
156.98337 10.253168
157.98349 10.072982
158.98362 9.8928006
159.98375 9.7126234
160.98387 9.5324505
161.984 9.3522819
162.98413 9.1721175
163.98425 8.9919571
164.98438 8.8118009
165.98451 8.6316486
166.98463 8.4515002
167.98476 8.2713556
168.98489 8.0912148
169.98502 7.9110776
170.98514 7.7309441
171.98527 7.5508141
172.9854 7.3706876
173.98552 7.1905645
174.98565 7.0104447
175.98578 6.8303281
176.9859 6.6502148
177.98603 6.4701045
178.98616 6.2899973
179.98629 6.1098931
180.98641 5.9297918
181.98654 5.7496934
182.98667 5.5695978
183.98679 5.3895049
184.98692 5.2094147
185.98705 5.0293272
186.98717 4.8492422
187.9873 4.6691597
188.98743 4.4890797
189.98756 4.3090021
190.98768 4.1289269
191.98781 3.948854
192.98794 3.7687834
193.98806 3.588715
194.98819 3.4086487
195.98832 3.2285847
196.98844 3.0485227
197.98857 2.8684627
198.9887 2.6884048
199.98883 2.5083489
200.98895 2.3282949
201.98908 2.1482429
202.98921 1.9681926
203.98933 1.7881443
204.98946 1.6080977
205.98959 1.4280529
206.98971 1.2480099
207.98984 1.0679685
208.98997 0.88792889
209.9901 0.70789089
210.99022 0.52785452
211.99035 0.34781975
212.99048 0.16778655
213.9906 -0.012245093
214.99073 -0.19227521
215.99086 -0.37230384
216.99098 -0.55233098
217.99111 -0.73235666
218.99124 -0.91238092
219.99137 -1.0924038
220.99149 -1.2724252
221.99162 -1.4524453
222.99175 -1.632464
223.99187 -1.8124814
224.992 -1.9924974
225.99213 -2.1725122
226.99225 -2.3525257
227.99238 -2.5325379
228.99251 -2.7125489
229.99263 -2.8925586
230.99276 -3.0725672
231.99289 -3.2525745
232.99302 -3.4325806
233.99314 -3.6125856
234.99327 -3.7925894
235.9934 -3.9725921
236.99352 -4.1525936
237.99365 -4.332594
238.99378 -4.5125933
239.9939 -4.6925915
240.99403 -4.8725886
241.99416 -5.0525847
242.99429 -5.2325797
243.99441 -5.4125736
244.99454 -5.5925665
245.99467 -5.7725584
246.99479 -5.9525492
247.99492 -6.1325391
248.99505 -6.3125279
249.99517 -6.4925158
250.9953 -6.6725027
251.99543 -6.8524886
252.99556 -7.0324735
253.99568 -7.2124575
254.99581 -7.3924406
255.99594 -7.5724227
256.99606 -7.7524039
257.99619 -7.9323842
258.99632 -8.1123635
259.99644 -8.292342
260.99657 -8.4723196
261.9967 -8.6522962
262.99683 -8.832272
263.99695 -9.012247
264.99708 -9.192221
265.99721 -9.3721942
266.99733 -9.5521666
267.99746 -9.732138
268.99759 -9.9121087
269.99771 -10.092079
270.99784 -10.272048
271.99797 -10.452016
272.9981 -10.631983
273.99822 -10.81195
274.99835 -10.991915
275.99848 -11.17188
276.9986 -11.351844
277.99873 -11.531808
278.99886 -11.71177
279.99898 -11.891732
280.99911 -12.071693
281.99924 -12.251654
282.99937 -12.431613
283.99949 -12.611572
284.99962 -12.79153
285.99975 -12.971487
286.99987 -13.151444
288.0 -13.331399
