  -2.7907200E+002   5.9998740E-006   0.0000000E+000   0.0000000E+000   0.0000000E+000   0.0000000E+000   0.0000000E+000          0
  -2.7807187E+002   6.0714577E-006   0.0000000E+000   6.0363416E-006   0.0000000E+000   3.0125540E-006   0.0000000E+000          0
  -2.7707175E+002   6.1441323E-006   0.0000000E+000   1.2144821E-005   0.0000000E+000   1.2098241E-005   0.0000000E+000          0
  -2.7607162E+002   6.2179160E-006   0.0000000E+000   1.8326536E-005   0.0000000E+000   2.7329701E-005   0.0000000E+000          0
  -2.7507149E+002   6.2928297E-006   0.0000000E+000   2.4582609E-005   0.0000000E+000   4.8780754E-005   0.0000000E+000          0
  -2.7407137E+002   6.3688938E-006   0.0000000E+000   3.0914178E-005   0.0000000E+000   7.6526331E-005   0.0000000E+000          0
  -2.7307124E+002   6.4461297E-006   0.0000000E+000   3.7322404E-005   0.0000000E+000   1.1064252E-004   0.0000000E+000          0
  -2.7207111E+002   6.5245588E-006   0.0000000E+000   4.3808472E-005   0.0000000E+000   1.5120657E-004   0.0000000E+000          0
  -2.7107098E+002   6.6042034E-006   0.0000000E+000   5.0373584E-005   0.0000000E+000   1.9829694E-004   0.0000000E+000          0
  -2.7007086E+002   6.6850858E-006   0.0000000E+000   5.7018968E-005   0.0000000E+000   2.5199329E-004   0.0000000E+000          0
  -2.6907073E+002   6.7672283E-006   0.0000000E+000   6.3745874E-005   0.0000000E+000   3.1237653E-004   0.0000000E+000          0
  -2.6807060E+002   6.8506559E-006   0.0000000E+000   7.0555572E-005   0.0000000E+000   3.7952883E-004   0.0000000E+000          0
  -2.6707048E+002   6.9353916E-006   0.0000000E+000   7.7449361E-005   0.0000000E+000   4.5353363E-004   0.0000000E+000          0
  -2.6607035E+002   7.0214614E-006   0.0000000E+000   8.4428562E-005   0.0000000E+000   5.3447569E-004   0.0000000E+000          0
  -2.6507022E+002   7.1088888E-006   0.0000000E+000   9.1494520E-005   0.0000000E+000   6.2244112E-004   0.0000000E+000          0
  -2.6407010E+002   7.1976997E-006   0.0000000E+000   9.8648606E-005   0.0000000E+000   7.1751735E-004   0.0000000E+000          0
  -2.6306997E+002   7.2879206E-006   0.0000000E+000   1.0589222E-004   0.0000000E+000   8.1979323E-004   0.0000000E+000          0
  -2.6206984E+002   7.3795782E-006   0.0000000E+000   1.1322678E-004   0.0000000E+000   9.2935900E-004   0.0000000E+000          0
  -2.6106971E+002   7.4726991E-006   0.0000000E+000   1.2065374E-004   0.0000000E+000   1.0463063E-003   0.0000000E+000          0
  -2.6006959E+002   7.5673132E-006   0.0000000E+000   1.2817457E-004   0.0000000E+000   1.1707284E-003   0.0000000E+000          0
  -2.5906946E+002   7.6634471E-006   0.0000000E+000   1.3579079E-004   0.0000000E+000   1.3027198E-003   0.0000000E+000          0
  -2.5806933E+002   7.7611298E-006   0.0000000E+000   1.4350393E-004   0.0000000E+000   1.4423768E-003   0.0000000E+000          0
  -2.5706921E+002   7.8603926E-006   0.0000000E+000   1.5131555E-004   0.0000000E+000   1.5897970E-003   0.0000000E+000          0
  -2.5606908E+002   7.9612651E-006   0.0000000E+000   1.5922725E-004   0.0000000E+000   1.7450797E-003   0.0000000E+000          0
  -2.5506895E+002   8.0637792E-006   0.0000000E+000   1.6724065E-004   0.0000000E+000   1.9083258E-003   0.0000000E+000          0
  -2.5406883E+002   8.1679660E-006   0.0000000E+000   1.7535741E-004   0.0000000E+000   2.0796379E-003   0.0000000E+000          0
  -2.5306870E+002   8.2738583E-006   0.0000000E+000   1.8357922E-004   0.0000000E+000   2.2591202E-003   0.0000000E+000          0
  -2.5206857E+002   8.3814896E-006   0.0000000E+000   1.9190781E-004   0.0000000E+000   2.4468786E-003   0.0000000E+000          0
  -2.5106844E+002   8.4908930E-006   0.0000000E+000   2.0034492E-004   0.0000000E+000   2.6430207E-003   0.0000000E+000          0
  -2.5006832E+002   8.6021049E-006   0.0000000E+000   2.0889235E-004   0.0000000E+000   2.8476561E-003   0.0000000E+000          0
  -2.4906819E+002   8.7151600E-006   0.0000000E+000   2.1755193E-004   0.0000000E+000   3.0608959E-003   0.0000000E+000          0
  -2.4806806E+002   8.8300943E-006   0.0000000E+000   2.2632551E-004   0.0000000E+000   3.2828532E-003   0.0000000E+000          0
  -2.4706794E+002   8.9469461E-006   0.0000000E+000   2.3521500E-004   0.0000000E+000   3.5136430E-003   0.0000000E+000          0
  -2.4606781E+002   9.0657534E-006   0.0000000E+000   2.4422233E-004   0.0000000E+000   3.7533822E-003   0.0000000E+000          0
  -2.4506768E+002   9.1865542E-006   0.0000000E+000   2.5334947E-004   0.0000000E+000   4.0021896E-003   0.0000000E+000          0
  -2.4406756E+002   9.3093891E-006   0.0000000E+000   2.6259845E-004   0.0000000E+000   4.2601861E-003   0.0000000E+000          0
  -2.4306743E+002   9.4342994E-006   0.0000000E+000   2.7197131E-004   0.0000000E+000   4.5274945E-003   0.0000000E+000          0
  -2.4206730E+002   9.5613268E-006   0.0000000E+000   2.8147015E-004   0.0000000E+000   4.8042398E-003   0.0000000E+000          0
  -2.4106717E+002   9.6905133E-006   0.0000000E+000   2.9109711E-004   0.0000000E+000   5.0905490E-003   0.0000000E+000          0
  -2.4006705E+002   9.8219033E-006   0.0000000E+000   3.0085437E-004   0.0000000E+000   5.3865514E-003   0.0000000E+000          0
  -2.3906692E+002   9.9555415E-006   0.0000000E+000   3.1074416E-004   0.0000000E+000   5.6923783E-003   0.0000000E+000          0
  -2.3806679E+002   1.0091474E-005   0.0000000E+000   3.2076875E-004   0.0000000E+000   6.0081636E-003   0.0000000E+000          0
  -2.3706667E+002   1.0229747E-005   0.0000000E+000   3.3093045E-004   0.0000000E+000   6.3340430E-003   0.0000000E+000          0
  -2.3606654E+002   1.0370409E-005   0.0000000E+000   3.4123164E-004   0.0000000E+000   6.6701550E-003   0.0000000E+000          0
  -2.3506641E+002   1.0513511E-005   0.0000000E+000   3.5167472E-004   0.0000000E+000   7.0166402E-003   0.0000000E+000          0
  -2.3406629E+002   1.0659101E-005   0.0000000E+000   3.6226216E-004   0.0000000E+000   7.3736419E-003   0.0000000E+000          0
  -2.3306616E+002   1.0807232E-005   0.0000000E+000   3.7299647E-004   0.0000000E+000   7.7413055E-003   0.0000000E+000          0
  -2.3206603E+002   1.0957957E-005   0.0000000E+000   3.8388023E-004   0.0000000E+000   8.1197794E-003   0.0000000E+000          0
  -2.3106590E+002   1.1111329E-005   0.0000000E+000   3.9491605E-004   0.0000000E+000   8.5092142E-003   0.0000000E+000          0
  -2.3006578E+002   1.1267406E-005   0.0000000E+000   4.0610661E-004   0.0000000E+000   8.9097634E-003   0.0000000E+000          0
  -2.2906565E+002   1.1426243E-005   0.0000000E+000   4.1745464E-004   0.0000000E+000   9.3215830E-003   0.0000000E+000          0
  -2.2806552E+002   1.1587900E-005   0.0000000E+000   4.2896294E-004   0.0000000E+000   9.7448321E-003   0.0000000E+000          0
  -2.2706540E+002   1.1752435E-005   0.0000000E+000   4.4063435E-004   0.0000000E+000   1.0179672E-002   0.0000000E+000          0
  -2.2606527E+002   1.1919912E-005   0.0000000E+000   4.5247177E-004   0.0000000E+000   1.0626268E-002   0.0000000E+000          0
  -2.2506514E+002   1.2090392E-005   0.0000000E+000   4.6447820E-004   0.0000000E+000   1.1084787E-002   0.0000000E+000          0
  -2.2406502E+002   1.2263940E-005   0.0000000E+000   4.7665665E-004   0.0000000E+000   1.1555400E-002   0.0000000E+000          0
  -2.2306489E+002   1.2440624E-005   0.0000000E+000   4.8901024E-004   0.0000000E+000   1.2038280E-002   0.0000000E+000          0
  -2.2206476E+002   1.2620511E-005   0.0000000E+000   5.0154213E-004   0.0000000E+000   1.2533604E-002   0.0000000E+000          0
  -2.2106463E+002   1.2803670E-005   0.0000000E+000   5.1425556E-004   0.0000000E+000   1.3041552E-002   0.0000000E+000          0
  -2.2006451E+002   1.2990175E-005   0.0000000E+000   5.2715384E-004   0.0000000E+000   1.3562307E-002   0.0000000E+000          0
  -2.1906438E+002   1.3180098E-005   0.0000000E+000   5.4024035E-004   0.0000000E+000   1.4096056E-002   0.0000000E+000          0
  -2.1806425E+002   1.3373515E-005   0.0000000E+000   5.5351854E-004   0.0000000E+000   1.4642989E-002   0.0000000E+000          0
  -2.1706413E+002   1.3570505E-005   0.0000000E+000   5.6699196E-004   0.0000000E+000   1.5203299E-002   0.0000000E+000          0
  -2.1606400E+002   1.3771146E-005   0.0000000E+000   5.8066422E-004   0.0000000E+000   1.5777183E-002   0.0000000E+000          0
  -2.1506387E+002   1.3975522E-005   0.0000000E+000   5.9453900E-004   0.0000000E+000   1.6364842E-002   0.0000000E+000          0
  -2.1406375E+002   1.4183717E-005   0.0000000E+000   6.0862008E-004   0.0000000E+000   1.6966481E-002   0.0000000E+000          0
  -2.1306362E+002   1.4395817E-005   0.0000000E+000   6.2291134E-004   0.0000000E+000   1.7582307E-002   0.0000000E+000          0
  -2.1206349E+002   1.4611913E-005   0.0000000E+000   6.3741671E-004   0.0000000E+000   1.8212533E-002   0.0000000E+000          0
  -2.1106337E+002   1.4832096E-005   0.0000000E+000   6.5214023E-004   0.0000000E+000   1.8857375E-002   0.0000000E+000          0
  -2.1006324E+002   1.5056462E-005   0.0000000E+000   6.6708606E-004   0.0000000E+000   1.9517053E-002   0.0000000E+000          0
  -2.0906311E+002   1.5285107E-005   0.0000000E+000   6.8225841E-004   0.0000000E+000   2.0191792E-002   0.0000000E+000          0
  -2.0806298E+002   1.5518132E-005   0.0000000E+000   6.9766161E-004   0.0000000E+000   2.0881820E-002   0.0000000E+000          0
  -2.0706286E+002   1.5755642E-005   0.0000000E+000   7.1330011E-004   0.0000000E+000   2.1587371E-002   0.0000000E+000          0
  -2.0606273E+002   1.5997744E-005   0.0000000E+000   7.2917843E-004   0.0000000E+000   2.2308682E-002   0.0000000E+000          0
  -2.0506260E+002   1.6244546E-005   0.0000000E+000   7.4530123E-004   0.0000000E+000   2.3045995E-002   0.0000000E+000          0
  -2.0406248E+002   1.6496164E-005   0.0000000E+000   7.6167325E-004   0.0000000E+000   2.3799557E-002   0.0000000E+000          0
  -2.0306235E+002   1.6752715E-005   0.0000000E+000   7.7829939E-004   0.0000000E+000   2.4569619E-002   0.0000000E+000          0
  -2.0206222E+002   1.7014320E-005   0.0000000E+000   7.9518462E-004   0.0000000E+000   2.5356439E-002   0.0000000E+000          0
  -2.0106210E+002   1.7281105E-005   0.0000000E+000   8.1233408E-004   0.0000000E+000   2.6160279E-002   0.0000000E+000          0
  -2.0006197E+002   1.7553200E-005   0.0000000E+000   8.2975299E-004   0.0000000E+000   2.6981404E-002   0.0000000E+000          0
  -1.9906184E+002   1.7830739E-005   0.0000000E+000   8.4744675E-004   0.0000000E+000   2.7820087E-002   0.0000000E+000          0
  -1.9806171E+002   1.8113862E-005   0.0000000E+000   8.6542086E-004   0.0000000E+000   2.8676606E-002   0.0000000E+000          0
  -1.9706159E+002   1.8402711E-005   0.0000000E+000   8.8368098E-004   0.0000000E+000   2.9551244E-002   0.0000000E+000          0
  -1.9606146E+002   1.8697438E-005   0.0000000E+000   9.0223292E-004   0.0000000E+000   3.0444290E-002   0.0000000E+000          0
  -1.9506133E+002   1.8998196E-005   0.0000000E+000   9.2108262E-004   0.0000000E+000   3.1356038E-002   0.0000000E+000          0
  -1.9406121E+002   1.9305146E-005   0.0000000E+000   9.4023620E-004   0.0000000E+000   3.2286790E-002   0.0000000E+000          0
  -1.9306108E+002   1.9618456E-005   0.0000000E+000   9.5969993E-004   0.0000000E+000   3.3236853E-002   0.0000000E+000          0
  -1.9206095E+002   1.9938299E-005   0.0000000E+000   9.7948027E-004   0.0000000E+000   3.4206539E-002   0.0000000E+000          0
  -1.9106083E+002   2.0264857E-005   0.0000000E+000   9.9958383E-004   0.0000000E+000   3.5196170E-002   0.0000000E+000          0
  -1.9006070E+002   2.0598317E-005   0.0000000E+000   1.0200174E-003   0.0000000E+000   3.6206071E-002   0.0000000E+000          0
  -1.8906057E+002   2.0938875E-005   0.0000000E+000   1.0407881E-003   0.0000000E+000   3.7236576E-002   0.0000000E+000          0
  -1.8806044E+002   2.1286736E-005   0.0000000E+000   1.0619029E-003   0.0000000E+000   3.8288026E-002   0.0000000E+000          0
  -1.8706032E+002   2.1642114E-005   0.0000000E+000   1.0833694E-003   0.0000000E+000   3.9360769E-002   0.0000000E+000          0
  -1.8606019E+002   2.2005231E-005   0.0000000E+000   1.1051952E-003   0.0000000E+000   4.0455160E-002   0.0000000E+000          0
  -1.8506006E+002   2.2376321E-005   0.0000000E+000   1.1273882E-003   0.0000000E+000   4.1571562E-002   0.0000000E+000          0
  -1.8405994E+002   2.2755629E-005   0.0000000E+000   1.1499563E-003   0.0000000E+000   4.2710347E-002   0.0000000E+000          0
  -1.8305981E+002   2.3143410E-005   0.0000000E+000   1.1729080E-003   0.0000000E+000   4.3871895E-002   0.0000000E+000          0
  -1.8205968E+002   2.3539933E-005   0.0000000E+000   1.1962519E-003   0.0000000E+000   4.5056592E-002   0.0000000E+000          0
  -1.8105956E+002   2.3945481E-005   0.0000000E+000   1.2199969E-003   0.0000000E+000   4.6264836E-002   0.0000000E+000          0
  -1.8005943E+002   2.4360349E-005   0.0000000E+000   1.2441521E-003   0.0000000E+000   4.7497032E-002   0.0000000E+000          0
  -1.7905930E+002   2.4784851E-005   0.0000000E+000   1.2687270E-003   0.0000000E+000   4.8753596E-002   0.0000000E+000          0
  -1.7805917E+002   2.5219315E-005   0.0000000E+000   1.2937314E-003   0.0000000E+000   5.0034952E-002   0.0000000E+000          0
  -1.7705905E+002   2.5664088E-005   0.0000000E+000   1.3191754E-003   0.0000000E+000   5.1341534E-002   0.0000000E+000          0
  -1.7605892E+002   2.6119537E-005   0.0000000E+000   1.3450696E-003   0.0000000E+000   5.2673788E-002   0.0000000E+000          0
  -1.7505879E+002   2.6586049E-005   0.0000000E+000   1.3714248E-003   0.0000000E+000   5.4032169E-002   0.0000000E+000          0
  -1.7405867E+002   2.7064035E-005   0.0000000E+000   1.3982523E-003   0.0000000E+000   5.5417143E-002   0.0000000E+000          0
  -1.7305854E+002   2.7553931E-005   0.0000000E+000   1.4255637E-003   0.0000000E+000   5.6829190E-002   0.0000000E+000          0
  -1.7205841E+002   2.8056198E-005   0.0000000E+000   1.4533713E-003   0.0000000E+000   5.8268798E-002   0.0000000E+000          0
  -1.7105829E+002   2.8571327E-005   0.0000000E+000   1.4816876E-003   0.0000000E+000   5.9736471E-002   0.0000000E+000          0
  -1.7005816E+002   2.9099839E-005   0.0000000E+000   1.5105257E-003   0.0000000E+000   6.1232723E-002   0.0000000E+000          0
  -1.6905803E+002   2.9642292E-005   0.0000000E+000   1.5398993E-003   0.0000000E+000   6.2758084E-002   0.0000000E+000          0
  -1.6805790E+002   3.0199280E-005   0.0000000E+000   1.5698226E-003   0.0000000E+000   6.4313096E-002   0.0000000E+000          0
  -1.6705778E+002   3.0771435E-005   0.0000000E+000   1.6003106E-003   0.0000000E+000   6.5898317E-002   0.0000000E+000          0
  -1.6605765E+002   3.1359436E-005   0.0000000E+000   1.6313786E-003   0.0000000E+000   6.7514317E-002   0.0000000E+000          0
  -1.6505752E+002   3.1964010E-005   0.0000000E+000   1.6630429E-003   0.0000000E+000   6.9161687E-002   0.0000000E+000          0
  -1.6405740E+002   3.2585935E-005   0.0000000E+000   1.6953205E-003   0.0000000E+000   7.0841030E-002   0.0000000E+000          0
  -1.6305727E+002   3.3226047E-005   0.0000000E+000   1.7282291E-003   0.0000000E+000   7.2552969E-002   0.0000000E+000          0
  -1.6205714E+002   3.3885244E-005   0.0000000E+000   1.7617874E-003   0.0000000E+000   7.4298144E-002   0.0000000E+000          0
  -1.6105702E+002   3.4564493E-005   0.0000000E+000   1.7960149E-003   0.0000000E+000   7.6077214E-002   0.0000000E+000          0
  -1.6005689E+002   3.5264836E-005   0.0000000E+000   1.8309322E-003   0.0000000E+000   7.7890860E-002   0.0000000E+000          0
  -1.5905676E+002   3.5987398E-005   0.0000000E+000   1.8665609E-003   0.0000000E+000   7.9739781E-002   0.0000000E+000          0
  -1.5805663E+002   3.6733393E-005   0.0000000E+000   1.9029239E-003   0.0000000E+000   8.1624700E-002   0.0000000E+000          0
  -1.5705651E+002   3.7504133E-005   0.0000000E+000   1.9400453E-003   0.0000000E+000   8.3546365E-002   0.0000000E+000          0
  -1.5605638E+002   3.8301042E-005   0.0000000E+000   1.9779505E-003   0.0000000E+000   8.5505545E-002   0.0000000E+000          0
  -1.5505625E+002   3.9125660E-005   0.0000000E+000   2.0166663E-003   0.0000000E+000   8.7503038E-002   0.0000000E+000          0
  -1.5405613E+002   3.9979660E-005   0.0000000E+000   2.0562215E-003   0.0000000E+000   8.9539669E-002   0.0000000E+000          0
  -1.5305600E+002   4.0864858E-005   0.0000000E+000   2.0966462E-003   0.0000000E+000   9.1616293E-002   0.0000000E+000          0
  -1.5205587E+002   4.1783232E-005   0.0000000E+000   2.1379727E-003   0.0000000E+000   9.3733795E-002   0.0000000E+000          0
  -1.5105575E+002   4.2736932E-005   0.0000000E+000   2.1802351E-003   0.0000000E+000   9.5893093E-002   0.0000000E+000          0
  -1.5005562E+002   4.3728304E-005   0.0000000E+000   2.2234699E-003   0.0000000E+000   9.8095143E-002   0.0000000E+000          0
  -1.4905549E+002   4.4759906E-005   0.0000000E+000   2.2677162E-003   0.0000000E+000   1.0034094E-001   0.0000000E+000          0
  -1.4805537E+002   4.5834531E-005   0.0000000E+000   2.3130155E-003   0.0000000E+000   1.0263150E-001   0.0000000E+000          0
  -1.4705524E+002   4.6955234E-005   0.0000000E+000   2.3594122E-003   0.0000000E+000   1.0496792E-001   0.0000000E+000          0
  -1.4605511E+002   4.8125356E-005   0.0000000E+000   2.4069543E-003   0.0000000E+000   1.0735131E-001   0.0000000E+000          0
  -1.4505498E+002   4.9348556E-005   0.0000000E+000   2.4556929E-003   0.0000000E+000   1.0978284E-001   0.0000000E+000          0
  -1.4405486E+002   5.0628847E-005   0.0000000E+000   2.5056830E-003   0.0000000E+000   1.1226373E-001   0.0000000E+000          0
  -1.4305473E+002   5.1970630E-005   0.0000000E+000   2.5569839E-003   0.0000000E+000   1.1479528E-001   0.0000000E+000          0
  -1.4205460E+002   5.3378739E-005   0.0000000E+000   2.6096596E-003   0.0000000E+000   1.1737881E-001   0.0000000E+000          0
  -1.4105448E+002   5.4858486E-005   0.0000000E+000   2.6637788E-003   0.0000000E+000   1.2001574E-001   0.0000000E+000          0
  -1.4005435E+002   5.6415713E-005   0.0000000E+000   2.7194163E-003   0.0000000E+000   1.2270755E-001   0.0000000E+000          0
  -1.3905422E+002   5.8056854E-005   0.0000000E+000   2.7766525E-003   0.0000000E+000   1.2545580E-001   0.0000000E+000          0
  -1.3805410E+002   5.9788995E-005   0.0000000E+000   2.8355751E-003   0.0000000E+000   1.2826212E-001   0.0000000E+000          0
  -1.3705397E+002   6.1619951E-005   0.0000000E+000   2.8962787E-003   0.0000000E+000   1.3112826E-001   0.0000000E+000          0
  -1.3605384E+002   6.3558341E-005   0.0000000E+000   2.9588664E-003   0.0000000E+000   1.3405604E-001   0.0000000E+000          0
  -1.3505371E+002   6.5613687E-005   0.0000000E+000   3.0234505E-003   0.0000000E+000   1.3704741E-001   0.0000000E+000          0
  -1.3405359E+002   6.7796508E-005   0.0000000E+000   3.0901529E-003   0.0000000E+000   1.4010442E-001   0.0000000E+000          0
  -1.3305346E+002   7.0118435E-005   0.0000000E+000   3.1591070E-003   0.0000000E+000   1.4322925E-001   0.0000000E+000          0
  -1.3205333E+002   7.2592338E-005   0.0000000E+000   3.2304583E-003   0.0000000E+000   1.4642423E-001   0.0000000E+000          0
  -1.3105321E+002   7.5232470E-005   0.0000000E+000   3.3043656E-003   0.0000000E+000   1.4969184E-001   0.0000000E+000          0
  -1.3005308E+002   7.8054618E-005   0.0000000E+000   3.3810030E-003   0.0000000E+000   1.5303471E-001   0.0000000E+000          0
  -1.2905295E+002   8.1076290E-005   0.0000000E+000   3.4605611E-003   0.0000000E+000   1.5645568E-001   0.0000000E+000          0
  -1.2805283E+002   8.4316902E-005   0.0000000E+000   3.5432491E-003   0.0000000E+000   1.5995776E-001   0.0000000E+000          0
  -1.2705270E+002   8.7798012E-005   0.0000000E+000   3.6292965E-003   0.0000000E+000   1.6354420E-001   0.0000000E+000          0
  -1.2605257E+002   9.1543559E-005   0.0000000E+000   3.7189555E-003   0.0000000E+000   1.6721848E-001   0.0000000E+000          0
  -1.2505244E+002   9.5580149E-005   0.0000000E+000   3.8125038E-003   0.0000000E+000   1.7098435E-001   0.0000000E+000          0
  -1.2405232E+002   9.9937362E-005   0.0000000E+000   3.9102469E-003   0.0000000E+000   1.7484585E-001   0.0000000E+000          0
  -1.2305219E+002   1.0464811E-004   0.0000000E+000   4.0125217E-003   0.0000000E+000   1.7880734E-001   0.0000000E+000          0
  -1.2205206E+002   1.0974902E-004   0.0000000E+000   4.1196998E-003   0.0000000E+000   1.8287355E-001   0.0000000E+000          0
  -1.2105194E+002   1.1528089E-004   0.0000000E+000   4.2321913E-003   0.0000000E+000   1.8704956E-001   0.0000000E+000          0
  -1.2005181E+002   1.2128917E-004   0.0000000E+000   4.3504496E-003   0.0000000E+000   1.9134093E-001   0.0000000E+000          0
  -1.1905168E+002   1.2782452E-004   0.0000000E+000   4.4749760E-003   0.0000000E+000   1.9575365E-001   0.0000000E+000          0
  -1.1805156E+002   1.3494344E-004   0.0000000E+000   4.6063255E-003   0.0000000E+000   2.0029429E-001   0.0000000E+000          0
  -1.1705143E+002   1.4270895E-004   0.0000000E+000   4.7451126E-003   0.0000000E+000   2.0496995E-001   0.0000000E+000          0
  -1.1605130E+002   1.5119140E-004   0.0000000E+000   4.8920186E-003   0.0000000E+000   2.0978842E-001   0.0000000E+000          0
  -1.1505117E+002   1.6046934E-004   0.0000000E+000   5.0477989E-003   0.0000000E+000   2.1475819E-001   0.0000000E+000          0
  -1.1405105E+002   1.7063048E-004   0.0000000E+000   5.2132923E-003   0.0000000E+000   2.1988854E-001   0.0000000E+000          0
  -1.1305092E+002   1.8177284E-004   0.0000000E+000   5.3894302E-003   0.0000000E+000   2.2518965E-001   0.0000000E+000          0
  -1.1205079E+002   1.9400593E-004   0.0000000E+000   5.5772476E-003   0.0000000E+000   2.3067266E-001   0.0000000E+000          0
  -1.1105067E+002   2.0745220E-004   0.0000000E+000   5.7778955E-003   0.0000000E+000   2.3634983E-001   0.0000000E+000          0
  -1.1005054E+002   2.2224853E-004   0.0000000E+000   5.9926545E-003   0.0000000E+000   2.4223462E-001   0.0000000E+000          0
  -1.0905041E+002   2.3854800E-004   0.0000000E+000   6.2229499E-003   0.0000000E+000   2.4834184E-001   0.0000000E+000          0
  -1.0805029E+002   2.5652180E-004   0.0000000E+000   6.4703690E-003   0.0000000E+000   2.5468781E-001   0.0000000E+000          0
  -1.0705016E+002   2.7636144E-004   0.0000000E+000   6.7366804E-003   0.0000000E+000   2.6129052E-001   0.0000000E+000          0
  -1.0605003E+002   2.9828109E-004   0.0000000E+000   7.0238551E-003   0.0000000E+000   2.6816983E-001   0.0000000E+000          0
  -1.0504990E+002   3.2252030E-004   0.0000000E+000   7.3340912E-003   0.0000000E+000   2.7534770E-001   0.0000000E+000          0
  -1.0404978E+002   3.4934696E-004   0.0000000E+000   7.6698398E-003   0.0000000E+000   2.8284838E-001   0.0000000E+000          0
  -1.0304965E+002   3.7906061E-004   0.0000000E+000   8.0338358E-003   0.0000000E+000   2.9069874E-001   0.0000000E+000          0
  -1.0204952E+002   4.1199607E-004   0.0000000E+000   8.4291308E-003   0.0000000E+000   2.9892852E-001   0.0000000E+000          0
  -1.0104940E+002   4.4852743E-004   0.0000000E+000   8.8591307E-003   0.0000000E+000   3.0757070E-001   0.0000000E+000          0
  -1.0004927E+002   4.8907251E-004   0.0000000E+000   9.3276370E-003   0.0000000E+000   3.1666186E-001   0.0000000E+000          0
  -9.9049143E+001   5.3409762E-004   0.0000000E+000   9.8388928E-003   0.0000000E+000   3.2624259E-001   0.0000000E+000          0
  -9.8049016E+001   5.8412280E-004   0.0000000E+000   1.0397634E-002   0.0000000E+000   3.3635797E-001   0.0000000E+000          0
  -9.7048889E+001   6.3972749E-004   0.0000000E+000   1.1009146E-002   0.0000000E+000   3.4705808E-001   0.0000000E+000          0
  -9.6048762E+001   7.0155656E-004   0.0000000E+000   1.1679325E-002   0.0000000E+000   3.5839861E-001   0.0000000E+000          0
  -9.5048635E+001   7.7032674E-004   0.0000000E+000   1.2414750E-002   0.0000000E+000   3.7044144E-001   0.0000000E+000          0
  -9.4048508E+001   8.4683332E-004   0.0000000E+000   1.3222753E-002   0.0000000E+000   3.8325544E-001   0.0000000E+000          0
  -9.3048381E+001   9.3195710E-004   0.0000000E+000   1.4111503E-002   0.0000000E+000   3.9691721E-001   0.0000000E+000          0
  -9.2048254E+001   1.0266714E-003   0.0000000E+000   1.5090099E-002   0.0000000E+000   4.1151197E-001   0.0000000E+000          0
  -9.1048127E+001   1.1320487E-003   0.0000000E+000   1.6168660E-002   0.0000000E+000   4.2713455E-001   0.0000000E+000          0
  -9.0048000E+001   1.2492673E-003   0.0000000E+000   1.7358430E-002   0.0000000E+000   4.4389046E-001   0.0000000E+000          0
  -8.9047873E+001   1.3796165E-003   0.0000000E+000   1.8671888E-002   0.0000000E+000   4.6189704E-001   0.0000000E+000          0
  -8.8047746E+001   1.5245009E-003   0.0000000E+000   2.0122858E-002   0.0000000E+000   4.8128480E-001   0.0000000E+000          0
  -8.7047619E+001   1.6854421E-003   0.0000000E+000   2.1726628E-002   0.0000000E+000   5.0219878E-001   0.0000000E+000          0
  -8.6047492E+001   1.8640776E-003   0.0000000E+000   2.3500067E-002   0.0000000E+000   5.2480011E-001   0.0000000E+000          0
  -8.5047365E+001   2.0621553E-003   0.0000000E+000   2.5461737E-002   0.0000000E+000   5.4926761E-001   0.0000000E+000          0
  -8.4047238E+001   2.2815220E-003   0.0000000E+000   2.7631998E-002   0.0000000E+000   5.7579956E-001   0.0000000E+000          0
  -8.3047111E+001   2.5241040E-003   0.0000000E+000   3.0033099E-002   0.0000000E+000   6.0461555E-001   0.0000000E+000          0
  -8.2046984E+001   2.7918772E-003   0.0000000E+000   3.2689245E-002   0.0000000E+000   6.3595839E-001   0.0000000E+000          0
  -8.1046857E+001   3.0868237E-003   0.0000000E+000   3.5626622E-002   0.0000000E+000   6.7009607E-001   0.0000000E+000          0
  -8.0046730E+001   3.4108705E-003   0.0000000E+000   3.8873379E-002   0.0000000E+000   7.0732379E-001   0.0000000E+000          0
  -7.9046603E+001   3.7658066E-003   0.0000000E+000   4.2459530E-002   0.0000000E+000   7.4796583E-001   0.0000000E+000          0
  -7.8046476E+001   4.1531719E-003   0.0000000E+000   4.6416765E-002   0.0000000E+000   7.9237733E-001   0.0000000E+000          0
  -7.7046349E+001   4.5741112E-003   0.0000000E+000   5.0778130E-002   0.0000000E+000   8.4094586E-001   0.0000000E+000          0
  -7.6046222E+001   5.0291865E-003   0.0000000E+000   5.5577541E-002   0.0000000E+000   8.9409251E-001   0.0000000E+000          0
  -7.5046095E+001   5.5181387E-003   0.0000000E+000   6.0849089E-002   0.0000000E+000   9.5227246E-001   0.0000000E+000          0
  -7.4045968E+001   6.0395889E-003   0.0000000E+000   6.6626074E-002   0.0000000E+000   1.0159747E+000   0.0000000E+000          0
  -7.3045841E+001   6.5906711E-003   0.0000000E+000   7.2939706E-002   0.0000000E+000   1.0857205E+000   0.0000000E+000          0
  -7.2045714E+001   7.1665868E-003   0.0000000E+000   7.9817403E-002   0.0000000E+000   1.1620607E+000   0.0000000E+000          0
  -7.1045587E+001   7.7600750E-003   0.0000000E+000   8.7280600E-002   0.0000000E+000   1.2455709E+000   0.0000000E+000          0
  -7.0045460E+001   8.3607962E-003   0.0000000E+000   9.5341987E-002   0.0000000E+000   1.3368437E+000   0.0000000E+000          0
  -6.9045333E+001   8.9546300E-003   0.0000000E+000   1.0400208E-001   0.0000000E+000   1.4364789E+000   0.0000000E+000          0
  -6.8045206E+001   9.5229026E-003   0.0000000E+000   1.1324507E-001   0.0000000E+000   1.5450689E+000   0.0000000E+000          0
  -6.7045079E+001   1.0041564E-002   0.0000000E+000   1.2303385E-001   0.0000000E+000   1.6631801E+000   0.0000000E+000          0
  -6.6044952E+001   1.0480356E-002   0.0000000E+000   1.3330422E-001   0.0000000E+000   1.7913289E+000   0.0000000E+000          0
  -6.5044825E+001   1.0802024E-002   0.0000000E+000   1.4395829E-001   0.0000000E+000   1.9299509E+000   0.0000000E+000          0
  -6.4044698E+001   1.0961642E-002   0.0000000E+000   1.5485711E-001   0.0000000E+000   2.0793643E+000   0.0000000E+000          0
  -6.3044571E+001   1.0906137E-002   0.0000000E+000   1.6581276E-001   0.0000000E+000   2.2397242E+000   0.0000000E+000          0
  -6.2044444E+001   1.0574072E-002   0.0000000E+000   1.7658007E-001   0.0000000E+000   2.4109700E+000   0.0000000E+000          0
  -6.1044317E+001   9.8957538E-003   0.0000000E+000   1.8684826E-001   0.0000000E+000   2.5927638E+000   0.0000000E+000          0
  -6.0044190E+001   8.7936235E-003   0.0000000E+000   1.9623290E-001   0.0000000E+000   2.7844206E+000   0.0000000E+000          0
  -5.9044063E+001   7.1827770E-003   0.0000000E+000   2.0426825E-001   0.0000000E+000   2.9848309E+000   0.0000000E+000          0
  -5.8043937E+001   4.9712047E-003   0.0000000E+000   2.1040012E-001   0.0000000E+000   3.1923757E+000   0.0000000E+000          0
  -5.7043810E+001   2.0589588E-003   0.0000000E+000   2.1397848E-001   0.0000000E+000   3.4048347E+000   0.0000000E+000          0
  -5.6043683E+001  -1.6651354E-003   0.0000000E+000   2.1424815E-001   0.0000000E+000   3.6192856E+000   0.0000000E+000          0
  -5.5043556E+001  -6.3313129E-003   0.0000000E+000   2.1033417E-001   0.0000000E+000   3.8319927E+000   0.0000000E+000          0
  -5.4043429E+001  -1.2103388E-002   0.0000000E+000   2.0121599E-001   0.0000000E+000   4.0382750E+000   0.0000000E+000          0
  -5.3043302E+001  -1.9197899E-002   0.0000000E+000   1.8568439E-001   0.0000000E+000   4.2323411E+000   0.0000000E+000          0
  -5.2043175E+001  -2.7884119E-002   0.0000000E+000   1.6228455E-001   0.0000000E+000   4.4070719E+000   0.0000000E+000          0
  -5.1043048E+001  -3.8367541E-002   0.0000000E+000   1.2930419E-001   0.0000000E+000   4.5537593E+000   0.0000000E+000          0
  -5.0042921E+001  -5.0331969E-002   0.0000000E+000   8.5025623E-002   0.0000000E+000   4.6619358E+000   0.0000000E+000          0
  -4.9042794E+001  -6.2208635E-002   0.0000000E+000   2.8639564E-002   0.0000000E+000   4.7197612E+000   0.0000000E+000          0
  -4.8042667E+001  -7.1950716E-002   0.0000000E+000  -3.8646665E-002   0.0000000E+000   4.7155693E+000   0.0000000E+000          0
  -4.7042540E+001  -8.0147590E-002   0.0000000E+000  -1.1472479E-001   0.0000000E+000   4.6395628E+000   0.0000000E+000          0
  -4.6042413E+001  -8.9335524E-002   0.0000000E+000  -1.9934037E-001   0.0000000E+000   4.4832752E+000   0.0000000E+000          0
  -4.5042286E+001  -9.9681392E-002   0.0000000E+000  -2.9385114E-001   0.0000000E+000   4.2375082E+000   0.0000000E+000          0
  -4.4042159E+001  -1.0851450E-001   0.0000000E+000  -3.9822651E-001   0.0000000E+000   3.8921609E+000   0.0000000E+000          0
  -4.3042032E+001  -1.1274153E-001   0.0000000E+000  -5.0935135E-001   0.0000000E+000   3.4386665E+000   0.0000000E+000          0
  -4.2041905E+001  -1.1055755E-001   0.0000000E+000  -6.2157442E-001   0.0000000E+000   2.8729497E+000   0.0000000E+000          0
  -4.1041778E+001  -1.0201474E-001   0.0000000E+000  -7.2834676E-001   0.0000000E+000   2.1971914E+000   0.0000000E+000          0
  -4.0041651E+001  -8.9125997E-002   0.0000000E+000  -8.2415564E-001   0.0000000E+000   1.4197678E+000   0.0000000E+000          0
  -3.9041524E+001  -7.5451435E-002   0.0000000E+000  -9.0635970E-001   0.0000000E+000   5.5326486E-001   0.0000000E+000          0
  -3.8041397E+001  -6.3765956E-002   0.0000000E+000  -9.7583044E-001   0.0000000E+000  -3.8891981E-001   0.0000000E+000          0
  -3.7041270E+001  -5.0770894E-002   0.0000000E+000  -1.0336185E+000   0.0000000E+000  -1.3948609E+000   0.0000000E+000          0
  -3.6041143E+001  -2.3708081E-002   0.0000000E+000  -1.0728047E+000   0.0000000E+000  -2.4504522E+000   0.0000000E+000          0
  -3.5041016E+001   3.8360896E-002   0.0000000E+000  -1.0694671E+000   0.0000000E+000  -3.5269350E+000   0.0000000E+000          0
  -3.4040889E+001   1.5575445E-001   0.0000000E+000  -9.7708193E-001   0.0000000E+000  -4.5601471E+000   0.0000000E+000          0
  -3.3040762E+001   3.1450649E-001   0.0000000E+000  -7.4336640E-001   0.0000000E+000  -5.4336406E+000   0.0000000E+000          0
  -3.2040635E+001   4.6114652E-001   0.0000000E+000  -3.5233918E-001   0.0000000E+000  -5.9937849E+000   0.0000000E+000          0
  -3.1040508E+001   5.5424768E-001   0.0000000E+000   1.6067610E-001   0.0000000E+000  -6.0974146E+000   0.0000000E+000          0
  -3.0040381E+001   5.8232288E-001   0.0000000E+000   7.3451221E-001   0.0000000E+000  -5.6521058E+000   0.0000000E+000          0
  -2.9040254E+001   5.4510647E-001   0.0000000E+000   1.3037136E+000   0.0000000E+000  -4.6297570E+000   0.0000000E+000          0
  -2.8040127E+001   4.4504465E-001   0.0000000E+000   1.8037511E+000   0.0000000E+000  -3.0674589E+000   0.0000000E+000          0
  -2.7040000E+001   2.9868125E-001   0.0000000E+000   2.1779400E+000   0.0000000E+000  -1.0641813E+000   0.0000000E+000          0
  -2.6039873E+001   1.5100593E-001   0.0000000E+000   2.4007031E+000   0.0000000E+000   1.2376731E+000   0.0000000E+000          0
  -2.5039746E+001   4.4629598E-002   0.0000000E+000   2.4946926E+000   0.0000000E+000   3.6945928E+000   0.0000000E+000          0
  -2.4039619E+001  -2.7441233E-002   0.0000000E+000   2.5018563E+000   0.0000000E+000   6.1992049E+000   0.0000000E+000          0
  -2.3039492E+001  -1.0425145E-001   0.0000000E+000   2.4381762E+000   0.0000000E+000   8.6759643E+000   0.0000000E+000          0
  -2.2039365E+001  -2.2051927E-001   0.0000000E+000   2.2795539E+000   0.0000000E+000   1.1044842E+001   0.0000000E+000          0
  -2.1039238E+001  -3.7118691E-001   0.0000000E+000   1.9848205E+000   0.0000000E+000   1.3189789E+001   0.0000000E+000          0
  -2.0039111E+001  -5.0876743E-001   0.0000000E+000   1.5417036E+000   0.0000000E+000   1.4964739E+001   0.0000000E+000          0
  -1.9038984E+001  -5.9436389E-001   0.0000000E+000   9.8497648E-001   0.0000000E+000   1.6235399E+001   0.0000000E+000          0
  -1.8038857E+001  -6.1687601E-001   0.0000000E+000   3.7395833E-001   0.0000000E+000   1.6916831E+001   0.0000000E+000          0
  -1.7038730E+001  -5.7590445E-001   0.0000000E+000  -2.2777711E-001   0.0000000E+000   1.6986512E+001   0.0000000E+000          0
  -1.6038603E+001  -4.7379758E-001   0.0000000E+000  -7.5745428E-001   0.0000000E+000   1.6485295E+001   0.0000000E+000          0
  -1.5038476E+001  -3.2694477E-001   0.0000000E+000  -1.1600424E+000   0.0000000E+000   1.5514205E+001   0.0000000E+000          0
  -1.4038349E+001  -1.7973743E-001   0.0000000E+000  -1.4112682E+000   0.0000000E+000   1.4216182E+001   0.0000000E+000          0
  -1.3038222E+001  -7.3771455E-002   0.0000000E+000  -1.5342397E+000   0.0000000E+000   1.2734365E+001   0.0000000E+000          0
  -1.2038095E+001  -1.3098252E-003   0.0000000E+000  -1.5704399E+000   0.0000000E+000   1.1175776E+001   0.0000000E+000          0
  -1.1037968E+001   7.7105785E-002   0.0000000E+000  -1.5348285E+000   0.0000000E+000   9.6163797E+000   0.0000000E+000          0
  -1.0037841E+001   1.9641283E-001   0.0000000E+000  -1.4019441E+000   0.0000000E+000   8.1378407E+000   0.0000000E+000          0
  -9.0377143E+000   3.5101582E-001   0.0000000E+000  -1.1293838E+000   0.0000000E+000   6.8592005E+000   0.0000000E+000          0
  -8.0375873E+000   4.9239936E-001   0.0000000E+000  -7.0449535E-001   0.0000000E+000   5.9303625E+000   0.0000000E+000          0
  -7.0374603E+000   5.8110377E-001   0.0000000E+000  -1.6251924E-001   0.0000000E+000   5.4893814E+000   0.0000000E+000          0
  -6.0373333E+000   6.0596543E-001   0.0000000E+000   4.3647208E-001   0.0000000E+000   5.6243009E+000   0.0000000E+000          0
  -5.0372063E+000   5.6667246E-001   0.0000000E+000   1.0281871E+000   0.0000000E+000   6.3600030E+000   0.0000000E+000          0
  -4.0370794E+000   4.6566068E-001   0.0000000E+000   1.5492237E+000   0.0000000E+000   7.6573194E+000   0.0000000E+000          0
  -3.0369524E+000   3.1942786E-001   0.0000000E+000   1.9440166E+000   0.0000000E+000   9.4163293E+000   0.0000000E+000          0
  -2.0368254E+000   1.7255283E-001   0.0000000E+000   2.1879059E+000   0.0000000E+000   1.1494729E+001   0.0000000E+000          0
  -1.0366984E+000   6.6826165E-002   0.0000000E+000   2.3038131E+000   0.0000000E+000   1.3749731E+001   0.0000000E+000          0
  -3.6571429E-002  -5.3465110E-003   0.0000000E+000   2.3332012E+000   0.0000000E+000   1.6074561E+001   0.0000000E+000          0
   9.6355556E-001  -8.3257499E-002   0.0000000E+000   2.2911586E+000   0.0000000E+000   1.8393556E+001   0.0000000E+000          0
   1.9636825E+000  -2.0165938E-001   0.0000000E+000   2.1525365E+000   0.0000000E+000   2.0625577E+001   0.0000000E+000          0
   2.9638095E+000  -3.5493314E-001   0.0000000E+000   1.8753652E+000   0.0000000E+000   2.2652488E+001   0.0000000E+000          0
   3.9639365E+000  -4.9477336E-001   0.0000000E+000   1.4473228E+000   0.0000000E+000   2.4325697E+001   0.0000000E+000          0
   4.9640635E+000  -5.8191558E-001   0.0000000E+000   9.0375546E-001   0.0000000E+000   2.5508674E+001   0.0000000E+000          0
   5.9641905E+000  -6.0523100E-001   0.0000000E+000   3.0472503E-001   0.0000000E+000   2.6114936E+001   0.0000000E+000          0
   6.9643175E+000  -5.6435466E-001   0.0000000E+000  -2.8546921E-001   0.0000000E+000   2.6121153E+001   0.0000000E+000          0
   7.9644444E+000  -4.6169113E-001   0.0000000E+000  -8.0336561E-001   0.0000000E+000   2.5568082E+001   0.0000000E+000          0
   8.9645714E+000  -3.1384952E-001   0.0000000E+000  -1.1933693E+000   0.0000000E+000   2.4557286E+001   0.0000000E+000          0
   9.9646984E+000  -1.6569950E-001   0.0000000E+000  -1.4310025E+000   0.0000000E+000   2.3232651E+001   0.0000000E+000          0
   1.0964825E+001  -5.9222436E-002   0.0000000E+000  -1.5396382E+000   0.0000000E+000   2.1738222E+001   0.0000000E+000          0
   1.1964952E+001   1.3295675E-002   0.0000000E+000  -1.5612241E+000   0.0000000E+000   2.0181537E+001   0.0000000E+000          0
   1.2965079E+001   9.1356087E-002   0.0000000E+000  -1.5111475E+000   0.0000000E+000   1.8638621E+001   0.0000000E+000          0
   1.3965206E+001   2.0987346E-001   0.0000000E+000  -1.3643717E+000   0.0000000E+000   1.7190779E+001   0.0000000E+000          0
   1.4965333E+001   3.6339958E-001   0.0000000E+000  -1.0788791E+000   0.0000000E+000   1.5956272E+001   0.0000000E+000          0
   1.5965460E+001   5.0383835E-001   0.0000000E+000  -6.4210687E-001   0.0000000E+000   1.5083967E+001   0.0000000E+000          0
   1.6965587E+001   5.9209803E-001   0.0000000E+000  -8.8962924E-002   0.0000000E+000   1.4711004E+001   0.0000000E+000          0
   1.7965714E+001   6.1715753E-001   0.0000000E+000   5.2106723E-001   0.0000000E+000   1.4924993E+001   0.0000000E+000          0
   1.8965841E+001   5.7874544E-001   0.0000000E+000   1.1243581E+000   0.0000000E+000   1.5751016E+001   0.0000000E+000          0
   1.9965968E+001   4.7931292E-001   0.0000000E+000   1.6582021E+000   0.0000000E+000   1.7150788E+001   0.0000000E+000          0
   2.0966095E+001   3.3522946E-001   0.0000000E+000   2.0676922E+000   0.0000000E+000   1.9025961E+001   0.0000000E+000          0
   2.1966222E+001   1.9054210E-001   0.0000000E+000   2.3285099E+000   0.0000000E+000   2.1236336E+001   0.0000000E+000          0
   2.2966349E+001   8.6279923E-002   0.0000000E+000   2.4632207E+000   0.0000000E+000   2.3641240E+001   0.0000000E+000          0
   2.3966476E+001   1.4574792E-002   0.0000000E+000   2.5123792E+000   0.0000000E+000   2.6135344E+001   0.0000000E+000          0
   2.4966603E+001  -6.3730591E-002   0.0000000E+000   2.4901270E+000   0.0000000E+000   2.8643471E+001   0.0000000E+000          0
   2.5966730E+001  -1.8311164E-001   0.0000000E+000   2.3705705E+000   0.0000000E+000   3.1084100E+001   0.0000000E+000          0
   2.6966857E+001  -3.3730065E-001   0.0000000E+000   2.1114549E+000   0.0000000E+000   3.3338178E+001   0.0000000E+000          0
   2.7966984E+001  -4.7734334E-001   0.0000000E+000   1.7008726E+000   0.0000000E+000   3.5256255E+001   0.0000000E+000          0
   2.8967111E+001  -5.6377796E-001   0.0000000E+000   1.1750157E+000   0.0000000E+000   3.6701611E+001   0.0000000E+000          0
   2.9967238E+001  -5.8550348E-001   0.0000000E+000   5.9484806E-001   0.0000000E+000   3.7588468E+001   0.0000000E+000          0
   3.0967365E+001  -5.4217660E-001   0.0000000E+000   2.5537932E-002   0.0000000E+000   3.7895085E+001   0.0000000E+000          0
   3.1967492E+001  -4.3628391E-001   0.0000000E+000  -4.6861513E-001   0.0000000E+000   3.7664662E+001   0.0000000E+000          0
   3.2967619E+001  -2.8513363E-001   0.0000000E+000  -8.3148774E-001   0.0000000E+000   3.7001950E+001   0.0000000E+000          0
   3.3967746E+001  -1.3608693E-001   0.0000000E+000  -1.0395818E+000   0.0000000E+000   3.6053940E+001   0.0000000E+000          0
   3.4967873E+001  -3.6152483E-002   0.0000000E+000  -1.1209607E+000   0.0000000E+000   3.4965153E+001   0.0000000E+000          0
   3.5968000E+001   1.3336579E-002   0.0000000E+000  -1.1290274E+000   0.0000000E+000   3.3835875E+001   0.0000000E+000          0
   3.6968127E+001   3.5425226E-002   0.0000000E+000  -1.1033022E+000   0.0000000E+000   3.2717732E+001   0.0000000E+000          0
   3.7968254E+001   4.9695085E-002   0.0000000E+000  -1.0606382E+000   0.0000000E+000   3.1634429E+001   0.0000000E+000          0
   3.8968381E+001   6.5782107E-002   0.0000000E+000  -1.0031264E+000   0.0000000E+000   3.0601084E+001   0.0000000E+000          0
   3.9968508E+001   8.3183075E-002   0.0000000E+000  -9.2857913E-001   0.0000000E+000   2.9633660E+001   0.0000000E+000          0
   4.0968635E+001   9.7750087E-002   0.0000000E+000  -8.3770790E-001   0.0000000E+000   2.8749190E+001   0.0000000E+000          0
   4.1968762E+001   1.0635497E-001   0.0000000E+000  -7.3507104E-001   0.0000000E+000   2.7961983E+001   0.0000000E+000          0
   4.2968889E+001   1.0788805E-001   0.0000000E+000  -6.2735569E-001   0.0000000E+000   2.7280555E+001   0.0000000E+000          0
   4.3969016E+001   1.0318735E-001   0.0000000E+000  -5.2137009E-001   0.0000000E+000   2.6706511E+001   0.0000000E+000          0
   4.4969143E+001   9.4743773E-002   0.0000000E+000  -4.2221569E-001   0.0000000E+000   2.6235361E+001   0.0000000E+000          0
   4.5969270E+001   8.5712266E-002   0.0000000E+000  -3.3203294E-001   0.0000000E+000   2.5858939E+001   0.0000000E+000          0
   4.6969397E+001   7.7732101E-002   0.0000000E+000  -2.5036562E-001   0.0000000E+000   2.5568370E+001   0.0000000E+000          0
   4.7969524E+001   6.9452357E-002   0.0000000E+000  -1.7663432E-001   0.0000000E+000   2.5355537E+001   0.0000000E+000          0
   4.8969651E+001   5.8845894E-002   0.0000000E+000  -1.1227405E-001   0.0000000E+000   2.5211947E+001   0.0000000E+000          0
   4.9969778E+001   4.6626600E-002   0.0000000E+000  -5.9487795E-002   0.0000000E+000   2.5127071E+001   0.0000000E+000          0
   5.0969905E+001   3.4954392E-002   0.0000000E+000  -1.8801905E-002   0.0000000E+000   2.5088895E+001   0.0000000E+000          0
   5.1970032E+001   2.4904029E-002   0.0000000E+000   1.0984631E-002   0.0000000E+000   2.5085824E+001   0.0000000E+000          0
   5.2970159E+001   1.6544800E-002   0.0000000E+000   3.1579011E-002   0.0000000E+000   2.5107805E+001   0.0000000E+000          0
   5.3970286E+001   9.6509648E-003   0.0000000E+000   4.4566464E-002   0.0000000E+000   2.5146458E+001   0.0000000E+000          0
   5.4970413E+001   3.9972919E-003   0.0000000E+000   5.1296019E-002   0.0000000E+000   2.5194866E+001   0.0000000E+000          0
   5.5970540E+001  -5.9022713E-004   0.0000000E+000   5.2916966E-002   0.0000000E+000   2.5247362E+001   0.0000000E+000          0
   5.6970667E+001  -4.2473227E-003   0.0000000E+000   5.0425323E-002   0.0000000E+000   2.5299344E+001   0.0000000E+000          0
   5.7970794E+001  -7.0887143E-003   0.0000000E+000   4.4693046E-002   0.0000000E+000   2.5347146E+001   0.0000000E+000          0
   5.8970921E+001  -9.2185634E-003   0.0000000E+000   3.6483228E-002   0.0000000E+000   2.5387917E+001   0.0000000E+000          0
   5.9971048E+001  -1.0734976E-002   0.0000000E+000   2.6458016E-002   0.0000000E+000   2.5419518E+001   0.0000000E+000          0
   6.0971175E+001  -1.1731007E-002   0.0000000E+000   1.5183955E-002   0.0000000E+000   2.5440425E+001   0.0000000E+000          0
   6.1971302E+001  -1.2294032E-002   0.0000000E+000   3.1372807E-003   0.0000000E+000   2.5449633E+001   0.0000000E+000          0
   6.2971429E+001  -1.2504607E-002   0.0000000E+000  -9.2898434E-003   0.0000000E+000   2.5446574E+001   0.0000000E+000          0
   6.3971556E+001  -1.2435430E-002   0.0000000E+000  -2.1781966E-002   0.0000000E+000   2.5431031E+001   0.0000000E+000          0
   6.4971683E+001  -1.2150661E-002   0.0000000E+000  -3.4092111E-002   0.0000000E+000   2.5403066E+001   0.0000000E+000          0
   6.5971810E+001  -1.1705685E-002   0.0000000E+000  -4.6033085E-002   0.0000000E+000   2.5362962E+001   0.0000000E+000          0
   6.6971937E+001  -1.1147280E-002   0.0000000E+000  -5.7468753E-002   0.0000000E+000   2.5311157E+001   0.0000000E+000          0
   6.7972063E+001  -1.0514108E-002   0.0000000E+000  -6.8305653E-002   0.0000000E+000   2.5248210E+001   0.0000000E+000          0
   6.8972190E+001  -9.8374317E-003   0.0000000E+000  -7.8485227E-002   0.0000000E+000   2.5174748E+001   0.0000000E+000          0
   6.9972317E+001  -9.1419552E-003   0.0000000E+000  -8.7976826E-002   0.0000000E+000   2.5091449E+001   0.0000000E+000          0
   7.0972444E+001  -8.4467162E-003   0.0000000E+000  -9.6771604E-002   0.0000000E+000   2.4999005E+001   0.0000000E+000          0
   7.1972571E+001  -7.7659648E-003   0.0000000E+000  -1.0487729E-001   0.0000000E+000   2.4898111E+001   0.0000000E+000          0
   7.2972698E+001  -7.1099889E-003   0.0000000E+000  -1.1231381E-001   0.0000000E+000   2.4789447E+001   0.0000000E+000          0
   7.3972825E+001  -6.4858608E-003   0.0000000E+000  -1.1910972E-001   0.0000000E+000   2.4673668E+001   0.0000000E+000          0
   7.4972952E+001  -5.8980922E-003   0.0000000E+000  -1.2529933E-001   0.0000000E+000   2.4551399E+001   0.0000000E+000          0
   7.5973079E+001  -5.3491955E-003   0.0000000E+000  -1.3092039E-001   0.0000000E+000   2.4423227E+001   0.0000000E+000          0
   7.6973206E+001  -4.8401540E-003   0.0000000E+000  -1.3601238E-001   0.0000000E+000   2.4289702E+001   0.0000000E+000          0
   7.7973333E+001  -4.3708095E-003   0.0000000E+000  -1.4061517E-001   0.0000000E+000   2.4151331E+001   0.0000000E+000          0
   7.8973460E+001  -3.9401755E-003   0.0000000E+000  -1.4476802E-001   0.0000000E+000   2.4008586E+001   0.0000000E+000          0
   7.9973587E+001  -3.5466876E-003   0.0000000E+000  -1.4850891E-001   0.0000000E+000   2.3861896E+001   0.0000000E+000          0
   8.0973714E+001  -3.1883988E-003   0.0000000E+000  -1.5187404E-001   0.0000000E+000   2.3711655E+001   0.0000000E+000          0
   8.1973841E+001  -2.8631309E-003   0.0000000E+000  -1.5489753E-001   0.0000000E+000   2.3558223E+001   0.0000000E+000          0
   8.2973968E+001  -2.5685897E-003   0.0000000E+000  -1.5761127E-001   0.0000000E+000   2.3401924E+001   0.0000000E+000          0
   8.3974095E+001  -2.3024497E-003   0.0000000E+000  -1.6004483E-001   0.0000000E+000   2.3243054E+001   0.0000000E+000          0
   8.4974222E+001  -2.0624167E-003   0.0000000E+000  -1.6222545E-001   0.0000000E+000   2.3081878E+001   0.0000000E+000          0
   8.5974349E+001  -1.8462708E-003   0.0000000E+000  -1.6417815E-001   0.0000000E+000   2.2918638E+001   0.0000000E+000          0
   8.6974476E+001  -1.6518965E-003   0.0000000E+000  -1.6592572E-001   0.0000000E+000   2.2753549E+001   0.0000000E+000          0
   8.7974603E+001  -1.4773003E-003   0.0000000E+000  -1.6748895E-001   0.0000000E+000   2.2586805E+001   0.0000000E+000          0
   8.8974730E+001  -1.3206218E-003   0.0000000E+000  -1.6888667E-001   0.0000000E+000   2.2418583E+001   0.0000000E+000          0
   8.9974857E+001  -1.1801374E-003   0.0000000E+000  -1.7013593E-001   0.0000000E+000   2.2249039E+001   0.0000000E+000          0
   9.0974984E+001  -1.0542599E-003   0.0000000E+000  -1.7125211E-001   0.0000000E+000   2.2078313E+001   0.0000000E+000          0
   9.1975111E+001  -9.4153571E-004   0.0000000E+000  -1.7224910E-001   0.0000000E+000   2.1906531E+001   0.0000000E+000          0
   9.2975238E+001  -8.4063864E-004   0.0000000E+000  -1.7313936E-001   0.0000000E+000   2.1733806E+001   0.0000000E+000          0
   9.3975365E+001  -7.5036342E-004   0.0000000E+000  -1.7393413E-001   0.0000000E+000   2.1560240E+001   0.0000000E+000          0
   9.4975492E+001  -6.6961781E-004   0.0000000E+000  -1.7464346E-001   0.0000000E+000   2.1385922E+001   0.0000000E+000          0
   9.5975619E+001  -5.9741456E-004   0.0000000E+000  -1.7527638E-001   0.0000000E+000   2.1210934E+001   0.0000000E+000          0
   9.6975746E+001  -5.3286322E-004   0.0000000E+000  -1.7584099E-001   0.0000000E+000   2.1035348E+001   0.0000000E+000          0
   9.7975873E+001  -4.7516211E-004   0.0000000E+000  -1.7634452E-001   0.0000000E+000   2.0859228E+001   0.0000000E+000          0
   9.8976000E+001  -4.2359055E-004   0.0000000E+000  -1.7679347E-001   0.0000000E+000   2.0682632E+001   0.0000000E+000          0
   9.9976127E+001  -3.7750159E-004   0.0000000E+000  -1.7719364E-001   0.0000000E+000   2.0505612E+001   0.0000000E+000          0
   1.0097625E+002  -3.3631503E-004   0.0000000E+000  -1.7755021E-001   0.0000000E+000   2.0328214E+001   0.0000000E+000          0
   1.0197638E+002  -2.9951104E-004   0.0000000E+000  -1.7786781E-001   0.0000000E+000   2.0150480E+001   0.0000000E+000          0
   1.0297651E+002  -2.6662425E-004   0.0000000E+000  -1.7815061E-001   0.0000000E+000   1.9972445E+001   0.0000000E+000          0
   1.0397663E+002  -2.3723827E-004   0.0000000E+000  -1.7840230E-001   0.0000000E+000   1.9794144E+001   0.0000000E+000          0
   1.0497676E+002  -2.1098076E-004   0.0000000E+000  -1.7862619E-001   0.0000000E+000   1.9615604E+001   0.0000000E+000          0
   1.0597689E+002  -1.8751888E-004   0.0000000E+000  -1.7882524E-001   0.0000000E+000   1.9436854E+001   0.0000000E+000          0
   1.0697702E+002  -1.6655522E-004   0.0000000E+000  -1.7900211E-001   0.0000000E+000   1.9257916E+001   0.0000000E+000          0
   1.0797714E+002  -1.4782406E-004   0.0000000E+000  -1.7915914E-001   0.0000000E+000   1.9078811E+001   0.0000000E+000          0
   1.0897727E+002  -1.3108808E-004   0.0000000E+000  -1.7929846E-001   0.0000000E+000   1.8899558E+001   0.0000000E+000          0
   1.0997740E+002  -1.1613532E-004   0.0000000E+000  -1.7942194E-001   0.0000000E+000   1.8720174E+001   0.0000000E+000          0
   1.1097752E+002  -1.0277646E-004   0.0000000E+000  -1.7953129E-001   0.0000000E+000   1.8540673E+001   0.0000000E+000          0
   1.1197765E+002  -9.0842466E-005   0.0000000E+000  -1.7962800E-001   0.0000000E+000   1.8361070E+001   0.0000000E+000          0
   1.1297778E+002  -8.0182354E-005   0.0000000E+000  -1.7971342E-001   0.0000000E+000   1.8181375E+001   0.0000000E+000          0
   1.1397790E+002  -7.0661287E-005   0.0000000E+000  -1.7978876E-001   0.0000000E+000   1.8001601E+001   0.0000000E+000          0
   1.1497803E+002  -6.2158825E-005   0.0000000E+000  -1.7985510E-001   0.0000000E+000   1.7821755E+001   0.0000000E+000          0
   1.1597816E+002  -5.4567381E-005   0.0000000E+000  -1.7991340E-001   0.0000000E+000   1.7641848E+001   0.0000000E+000          0
   1.1697829E+002  -4.7790832E-005   0.0000000E+000  -1.7996452E-001   0.0000000E+000   1.7461885E+001   0.0000000E+000          0
   1.1797841E+002  -4.1743287E-005   0.0000000E+000  -1.8000924E-001   0.0000000E+000   1.7281875E+001   0.0000000E+000          0
   1.1897854E+002  -3.6347983E-005   0.0000000E+000  -1.8004824E-001   0.0000000E+000   1.7101823E+001   0.0000000E+000          0
   1.1997867E+002  -3.1536300E-005   0.0000000E+000  -1.8008214E-001   0.0000000E+000   1.6921734E+001   0.0000000E+000          0
   1.2097879E+002  -2.7246892E-005   0.0000000E+000  -1.8011149E-001   0.0000000E+000   1.6741614E+001   0.0000000E+000          0
   1.2197892E+002  -2.3424899E-005   0.0000000E+000  -1.8013679E-001   0.0000000E+000   1.6561467E+001   0.0000000E+000          0
   1.2297905E+002  -2.0021250E-005   0.0000000E+000  -1.8015849E-001   0.0000000E+000   1.6381296E+001   0.0000000E+000          0
   1.2397917E+002  -1.6992049E-005   0.0000000E+000  -1.8017696E-001   0.0000000E+000   1.6201105E+001   0.0000000E+000          0
   1.2497930E+002  -1.4298016E-005   0.0000000E+000  -1.8019259E-001   0.0000000E+000   1.6020898E+001   0.0000000E+000          0
   1.2597943E+002  -1.1903993E-005   0.0000000E+000  -1.8020566E-001   0.0000000E+000   1.5840675E+001   0.0000000E+000          0
   1.2697956E+002  -9.7785104E-006   0.0000000E+000  -1.8021649E-001   0.0000000E+000   1.5660441E+001   0.0000000E+000          0
   1.2797968E+002  -7.8933890E-006   0.0000000E+000  -1.8022530E-001   0.0000000E+000   1.5480197E+001   0.0000000E+000          0
   1.2897981E+002  -6.2233921E-006   0.0000000E+000  -1.8023235E-001   0.0000000E+000   1.5299945E+001   0.0000000E+000          0
   1.2997994E+002  -4.7459160E-006   0.0000000E+000  -1.8023782E-001   0.0000000E+000   1.5119687E+001   0.0000000E+000          0
   1.3098006E+002  -3.4407077E-006   0.0000000E+000  -1.8024190E-001   0.0000000E+000   1.4939424E+001   0.0000000E+000          0
   1.3198019E+002  -2.2896212E-006   0.0000000E+000  -1.8024475E-001   0.0000000E+000   1.4759158E+001   0.0000000E+000          0
   1.3298032E+002  -1.2763922E-006   0.0000000E+000  -1.8024652E-001   0.0000000E+000   1.4578890E+001   0.0000000E+000          0
   1.3398044E+002  -3.8644334E-007   0.0000000E+000  -1.8024734E-001   0.0000000E+000   1.4398620E+001   0.0000000E+000          0
   1.3498057E+002   3.9329556E-007   0.0000000E+000  -1.8024733E-001   0.0000000E+000   1.4218349E+001   0.0000000E+000          0
   1.3598070E+002   1.0745416E-006   0.0000000E+000  -1.8024659E-001   0.0000000E+000   1.4038079E+001   0.0000000E+000          0
   1.3698083E+002   1.6678026E-006   0.0000000E+000  -1.8024521E-001   0.0000000E+000   1.3857811E+001   0.0000000E+000          0
   1.3798095E+002   2.1825012E-006   0.0000000E+000  -1.8024328E-001   0.0000000E+000   1.3677543E+001   0.0000000E+000          0
   1.3898108E+002   2.6270890E-006   0.0000000E+000  -1.8024087E-001   0.0000000E+000   1.3497278E+001   0.0000000E+000          0
   1.3998121E+002   3.0091455E-006   0.0000000E+000  -1.8023805E-001   0.0000000E+000   1.3317016E+001   0.0000000E+000          0
   1.4098133E+002   3.3354693E-006   0.0000000E+000  -1.8023487E-001   0.0000000E+000   1.3136757E+001   0.0000000E+000          0
   1.4198146E+002   3.6121586E-006   0.0000000E+000  -1.8023139E-001   0.0000000E+000   1.2956501E+001   0.0000000E+000          0
   1.4298159E+002   3.8446825E-006   0.0000000E+000  -1.8022766E-001   0.0000000E+000   1.2776248E+001   0.0000000E+000          0
   1.4398171E+002   4.0379468E-006   0.0000000E+000  -1.8022371E-001   0.0000000E+000   1.2596000E+001   0.0000000E+000          0
   1.4498184E+002   4.1963503E-006   0.0000000E+000  -1.8021959E-001   0.0000000E+000   1.2415755E+001   0.0000000E+000          0
   1.4598197E+002   4.3238385E-006   0.0000000E+000  -1.8021533E-001   0.0000000E+000   1.2235515E+001   0.0000000E+000          0
   1.4698210E+002   4.4239483E-006   0.0000000E+000  -1.8021095E-001   0.0000000E+000   1.2055279E+001   0.0000000E+000          0
   1.4798222E+002   4.4998499E-006   0.0000000E+000  -1.8020649E-001   0.0000000E+000   1.1875047E+001   0.0000000E+000          0
   1.4898235E+002   4.5543860E-006   0.0000000E+000  -1.8020196E-001   0.0000000E+000   1.1694820E+001   0.0000000E+000          0
   1.4998248E+002   4.5901013E-006   0.0000000E+000  -1.8019739E-001   0.0000000E+000   1.1514597E+001   0.0000000E+000          0
   1.5098260E+002   4.6092786E-006   0.0000000E+000  -1.8019278E-001   0.0000000E+000   1.1334379E+001   0.0000000E+000          0
   1.5198273E+002   4.6139586E-006   0.0000000E+000  -1.8018817E-001   0.0000000E+000   1.1154166E+001   0.0000000E+000          0
   1.5298286E+002   4.6059693E-006   0.0000000E+000  -1.8018356E-001   0.0000000E+000   1.0973957E+001   0.0000000E+000          0
   1.5398298E+002   4.5869463E-006   0.0000000E+000  -1.8017896E-001   0.0000000E+000   1.0793753E+001   0.0000000E+000          0
   1.5498311E+002   4.5583520E-006   0.0000000E+000  -1.8017439E-001   0.0000000E+000   1.0613554E+001   0.0000000E+000          0
   1.5598324E+002   4.5214926E-006   0.0000000E+000  -1.8016985E-001   0.0000000E+000   1.0433359E+001   0.0000000E+000          0
   1.5698337E+002   4.4775350E-006   0.0000000E+000  -1.8016535E-001   0.0000000E+000   1.0253168E+001   0.0000000E+000          0
   1.5798349E+002   4.4275194E-006   0.0000000E+000  -1.8016089E-001   0.0000000E+000   1.0072982E+001   0.0000000E+000          0
   1.5898362E+002   4.3723760E-006   0.0000000E+000  -1.8015649E-001   0.0000000E+000   9.8928006E+000   0.0000000E+000          0
   1.5998375E+002   4.3129296E-006   0.0000000E+000  -1.8015215E-001   0.0000000E+000   9.7126234E+000   0.0000000E+000          0
   1.6098387E+002   4.2499166E-006   0.0000000E+000  -1.8014787E-001   0.0000000E+000   9.5324505E+000   0.0000000E+000          0
   1.6198400E+002   4.1839903E-006   0.0000000E+000  -1.8014365E-001   0.0000000E+000   9.3522819E+000   0.0000000E+000          0
   1.6298413E+002   4.1157314E-006   0.0000000E+000  -1.8013950E-001   0.0000000E+000   9.1721175E+000   0.0000000E+000          0
   1.6398425E+002   4.0456534E-006   0.0000000E+000  -1.8013542E-001   0.0000000E+000   8.9919571E+000   0.0000000E+000          0
   1.6498438E+002   3.9742102E-006   0.0000000E+000  -1.8013141E-001   0.0000000E+000   8.8118009E+000   0.0000000E+000          0
   1.6598451E+002   3.9018042E-006   0.0000000E+000  -1.8012747E-001   0.0000000E+000   8.6316486E+000   0.0000000E+000          0
   1.6698463E+002   3.8287877E-006   0.0000000E+000  -1.8012360E-001   0.0000000E+000   8.4515002E+000   0.0000000E+000          0
   1.6798476E+002   3.7554731E-006   0.0000000E+000  -1.8011981E-001   0.0000000E+000   8.2713556E+000   0.0000000E+000          0
   1.6898489E+002   3.6821308E-006   0.0000000E+000  -1.8011609E-001   0.0000000E+000   8.0912148E+000   0.0000000E+000          0
   1.6998502E+002   3.6089997E-006   0.0000000E+000  -1.8011244E-001   0.0000000E+000   7.9110776E+000   0.0000000E+000          0
   1.7098514E+002   3.5362864E-006   0.0000000E+000  -1.8010887E-001   0.0000000E+000   7.7309441E+000   0.0000000E+000          0
   1.7198527E+002   3.4641695E-006   0.0000000E+000  -1.8010537E-001   0.0000000E+000   7.5508141E+000   0.0000000E+000          0
   1.7298540E+002   3.3928048E-006   0.0000000E+000  -1.8010194E-001   0.0000000E+000   7.3706876E+000   0.0000000E+000          0
   1.7398552E+002   3.3223240E-006   0.0000000E+000  -1.8009858E-001   0.0000000E+000   7.1905645E+000   0.0000000E+000          0
   1.7498565E+002   3.2528389E-006   0.0000000E+000  -1.8009529E-001   0.0000000E+000   7.0104447E+000   0.0000000E+000          0
   1.7598578E+002   3.1844461E-006   0.0000000E+000  -1.8009208E-001   0.0000000E+000   6.8303281E+000   0.0000000E+000          0
   1.7698590E+002   3.1172241E-006   0.0000000E+000  -1.8008892E-001   0.0000000E+000   6.6502148E+000   0.0000000E+000          0
   1.7798603E+002   3.0512385E-006   0.0000000E+000  -1.8008584E-001   0.0000000E+000   6.4701045E+000   0.0000000E+000          0
   1.7898616E+002   2.9865431E-006   0.0000000E+000  -1.8008282E-001   0.0000000E+000   6.2899973E+000   0.0000000E+000          0
   1.7998629E+002   2.9231783E-006   0.0000000E+000  -1.8007987E-001   0.0000000E+000   6.1098931E+000   0.0000000E+000          0
   1.8098641E+002   2.8611772E-006   0.0000000E+000  -1.8007697E-001   0.0000000E+000   5.9297918E+000   0.0000000E+000          0
   1.8198654E+002   2.8005634E-006   0.0000000E+000  -1.8007414E-001   0.0000000E+000   5.7496934E+000   0.0000000E+000          0
   1.8298667E+002   2.7413528E-006   0.0000000E+000  -1.8007137E-001   0.0000000E+000   5.5695978E+000   0.0000000E+000          0
   1.8398679E+002   2.6835540E-006   0.0000000E+000  -1.8006866E-001   0.0000000E+000   5.3895049E+000   0.0000000E+000          0
   1.8498692E+002   2.6271712E-006   0.0000000E+000  -1.8006600E-001   0.0000000E+000   5.2094147E+000   0.0000000E+000          0
   1.8598705E+002   2.5722016E-006   0.0000000E+000  -1.8006340E-001   0.0000000E+000   5.0293272E+000   0.0000000E+000          0
   1.8698717E+002   2.5186393E-006   0.0000000E+000  -1.8006086E-001   0.0000000E+000   4.8492422E+000   0.0000000E+000          0
   1.8798730E+002   2.4664738E-006   0.0000000E+000  -1.8005836E-001   0.0000000E+000   4.6691597E+000   0.0000000E+000          0
   1.8898743E+002   2.4156914E-006   0.0000000E+000  -1.8005592E-001   0.0000000E+000   4.4890797E+000   0.0000000E+000          0
   1.8998756E+002   2.3662765E-006   0.0000000E+000  -1.8005353E-001   0.0000000E+000   4.3090021E+000   0.0000000E+000          0
   1.9098768E+002   2.3182073E-006   0.0000000E+000  -1.8005119E-001   0.0000000E+000   4.1289269E+000   0.0000000E+000          0
   1.9198781E+002   2.2714649E-006   0.0000000E+000  -1.8004889E-001   0.0000000E+000   3.9488540E+000   0.0000000E+000          0
   1.9298794E+002   2.2260248E-006   0.0000000E+000  -1.8004665E-001   0.0000000E+000   3.7687834E+000   0.0000000E+000          0
   1.9398806E+002   2.1818632E-006   0.0000000E+000  -1.8004444E-001   0.0000000E+000   3.5887150E+000   0.0000000E+000          0
   1.9498819E+002   2.1389558E-006   0.0000000E+000  -1.8004228E-001   0.0000000E+000   3.4086487E+000   0.0000000E+000          0
   1.9598832E+002   2.0972728E-006   0.0000000E+000  -1.8004016E-001   0.0000000E+000   3.2285847E+000   0.0000000E+000          0
   1.9698844E+002   2.0567892E-006   0.0000000E+000  -1.8003809E-001   0.0000000E+000   3.0485227E+000   0.0000000E+000          0
   1.9798857E+002   2.0174759E-006   0.0000000E+000  -1.8003605E-001   0.0000000E+000   2.8684627E+000   0.0000000E+000          0
   1.9898870E+002   1.9793038E-006   0.0000000E+000  -1.8003405E-001   0.0000000E+000   2.6884048E+000   0.0000000E+000          0
   1.9998883E+002   1.9422462E-006   0.0000000E+000  -1.8003209E-001   0.0000000E+000   2.5083489E+000   0.0000000E+000          0
   2.0098895E+002   1.9062724E-006   0.0000000E+000  -1.8003016E-001   0.0000000E+000   2.3282949E+000   0.0000000E+000          0
   2.0198908E+002   1.8713554E-006   0.0000000E+000  -1.8002828E-001   0.0000000E+000   2.1482429E+000   0.0000000E+000          0
   2.0298921E+002   1.8374648E-006   0.0000000E+000  -1.8002642E-001   0.0000000E+000   1.9681926E+000   0.0000000E+000          0
   2.0398933E+002   1.8045726E-006   0.0000000E+000  -1.8002460E-001   0.0000000E+000   1.7881443E+000   0.0000000E+000          0
   2.0498946E+002   1.7726504E-006   0.0000000E+000  -1.8002281E-001   0.0000000E+000   1.6080977E+000   0.0000000E+000          0
   2.0598959E+002   1.7416701E-006   0.0000000E+000  -1.8002105E-001   0.0000000E+000   1.4280529E+000   0.0000000E+000          0
   2.0698971E+002   1.7116048E-006   0.0000000E+000  -1.8001933E-001   0.0000000E+000   1.2480099E+000   0.0000000E+000          0
   2.0798984E+002   1.6824263E-006   0.0000000E+000  -1.8001763E-001   0.0000000E+000   1.0679685E+000   0.0000000E+000          0
   2.0898997E+002   1.6541091E-006   0.0000000E+000  -1.8001596E-001   0.0000000E+000   8.8792889E-001   0.0000000E+000          0
   2.0999010E+002   1.6266259E-006   0.0000000E+000  -1.8001432E-001   0.0000000E+000   7.0789089E-001   0.0000000E+000          0
   2.1099022E+002   1.5999504E-006   0.0000000E+000  -1.8001271E-001   0.0000000E+000   5.2785452E-001   0.0000000E+000          0
   2.1199035E+002   1.5740587E-006   0.0000000E+000  -1.8001112E-001   0.0000000E+000   3.4781975E-001   0.0000000E+000          0
   2.1299048E+002   1.5489257E-006   0.0000000E+000  -1.8000956E-001   0.0000000E+000   1.6778655E-001   0.0000000E+000          0
   2.1399060E+002   1.5245271E-006   0.0000000E+000  -1.8000802E-001   0.0000000E+000  -1.2245093E-002   0.0000000E+000          0
   2.1499073E+002   1.5008403E-006   0.0000000E+000  -1.8000651E-001   0.0000000E+000  -1.9227521E-001   0.0000000E+000          0
   2.1599086E+002   1.4778403E-006   0.0000000E+000  -1.8000502E-001   0.0000000E+000  -3.7230384E-001   0.0000000E+000          0
   2.1699098E+002   1.4555076E-006   0.0000000E+000  -1.8000355E-001   0.0000000E+000  -5.5233098E-001   0.0000000E+000          0
   2.1799111E+002   1.4338176E-006   0.0000000E+000  -1.8000211E-001   0.0000000E+000  -7.3235666E-001   0.0000000E+000          0
   2.1899124E+002   1.4127523E-006   0.0000000E+000  -1.8000068E-001   0.0000000E+000  -9.1238092E-001   0.0000000E+000          0
   2.1999137E+002   1.3922886E-006   0.0000000E+000  -1.7999928E-001   0.0000000E+000  -1.0924038E+000   0.0000000E+000          0
   2.2099149E+002   1.3724081E-006   0.0000000E+000  -1.7999790E-001   0.0000000E+000  -1.2724252E+000   0.0000000E+000          0
   2.2199162E+002   1.3530901E-006   0.0000000E+000  -1.7999654E-001   0.0000000E+000  -1.4524453E+000   0.0000000E+000          0
   2.2299175E+002   1.3343180E-006   0.0000000E+000  -1.7999519E-001   0.0000000E+000  -1.6324640E+000   0.0000000E+000          0
   2.2399187E+002   1.3160712E-006   0.0000000E+000  -1.7999387E-001   0.0000000E+000  -1.8124814E+000   0.0000000E+000          0
   2.2499200E+002   1.2983327E-006   0.0000000E+000  -1.7999256E-001   0.0000000E+000  -1.9924974E+000   0.0000000E+000          0
   2.2599213E+002   1.2810859E-006   0.0000000E+000  -1.7999127E-001   0.0000000E+000  -2.1725122E+000   0.0000000E+000          0
   2.2699225E+002   1.2643138E-006   0.0000000E+000  -1.7999000E-001   0.0000000E+000  -2.3525257E+000   0.0000000E+000          0
   2.2799238E+002   1.2480011E-006   0.0000000E+000  -1.7998874E-001   0.0000000E+000  -2.5325379E+000   0.0000000E+000          0
   2.2899251E+002   1.2321328E-006   0.0000000E+000  -1.7998750E-001   0.0000000E+000  -2.7125489E+000   0.0000000E+000          0
   2.2999263E+002   1.2166917E-006   0.0000000E+000  -1.7998628E-001   0.0000000E+000  -2.8925586E+000   0.0000000E+000          0
   2.3099276E+002   1.2016644E-006   0.0000000E+000  -1.7998507E-001   0.0000000E+000  -3.0725672E+000   0.0000000E+000          0
   2.3199289E+002   1.1870375E-006   0.0000000E+000  -1.7998387E-001   0.0000000E+000  -3.2525745E+000   0.0000000E+000          0
   2.3299302E+002   1.1727966E-006   0.0000000E+000  -1.7998269E-001   0.0000000E+000  -3.4325806E+000   0.0000000E+000          0
   2.3399314E+002   1.1589294E-006   0.0000000E+000  -1.7998153E-001   0.0000000E+000  -3.6125856E+000   0.0000000E+000          0
   2.3499327E+002   1.1454212E-006   0.0000000E+000  -1.7998037E-001   0.0000000E+000  -3.7925894E+000   0.0000000E+000          0
   2.3599340E+002   1.1322632E-006   0.0000000E+000  -1.7997924E-001   0.0000000E+000  -3.9725921E+000   0.0000000E+000          0
   2.3699352E+002   1.1194399E-006   0.0000000E+000  -1.7997811E-001   0.0000000E+000  -4.1525936E+000   0.0000000E+000          0
   2.3799365E+002   1.1069428E-006   0.0000000E+000  -1.7997700E-001   0.0000000E+000  -4.3325940E+000   0.0000000E+000          0
   2.3899378E+002   1.0947588E-006   0.0000000E+000  -1.7997590E-001   0.0000000E+000  -4.5125933E+000   0.0000000E+000          0
   2.3999390E+002   1.0828793E-006   0.0000000E+000  -1.7997481E-001   0.0000000E+000  -4.6925915E+000   0.0000000E+000          0
   2.4099403E+002   1.0712917E-006   0.0000000E+000  -1.7997373E-001   0.0000000E+000  -4.8725886E+000   0.0000000E+000          0
   2.4199416E+002   1.0599871E-006   0.0000000E+000  -1.7997266E-001   0.0000000E+000  -5.0525847E+000   0.0000000E+000          0
   2.4299429E+002   1.0489558E-006   0.0000000E+000  -1.7997161E-001   0.0000000E+000  -5.2325797E+000   0.0000000E+000          0
   2.4399441E+002   1.0381900E-006   0.0000000E+000  -1.7997057E-001   0.0000000E+000  -5.4125736E+000   0.0000000E+000          0
   2.4499454E+002   1.0276777E-006   0.0000000E+000  -1.7996953E-001   0.0000000E+000  -5.5925665E+000   0.0000000E+000          0
   2.4599467E+002   1.0174151E-006   0.0000000E+000  -1.7996851E-001   0.0000000E+000  -5.7725584E+000   0.0000000E+000          0
   2.4699479E+002   1.0073889E-006   0.0000000E+000  -1.7996750E-001   0.0000000E+000  -5.9525492E+000   0.0000000E+000          0
   2.4799492E+002   9.9759385E-007   0.0000000E+000  -1.7996649E-001   0.0000000E+000  -6.1325391E+000   0.0000000E+000          0
   2.4899505E+002   9.8801989E-007   0.0000000E+000  -1.7996550E-001   0.0000000E+000  -6.3125279E+000   0.0000000E+000          0
   2.4999517E+002   9.7866203E-007   0.0000000E+000  -1.7996452E-001   0.0000000E+000  -6.4925158E+000   0.0000000E+000          0
   2.5099530E+002   9.6951396E-007   0.0000000E+000  -1.7996354E-001   0.0000000E+000  -6.6725027E+000   0.0000000E+000          0
   2.5199543E+002   9.6056604E-007   0.0000000E+000  -1.7996258E-001   0.0000000E+000  -6.8524886E+000   0.0000000E+000          0
   2.5299556E+002   9.5181359E-007   0.0000000E+000  -1.7996162E-001   0.0000000E+000  -7.0324735E+000   0.0000000E+000          0
   2.5399568E+002   9.4324736E-007   0.0000000E+000  -1.7996067E-001   0.0000000E+000  -7.2124575E+000   0.0000000E+000          0
   2.5499581E+002   9.3486418E-007   0.0000000E+000  -1.7995974E-001   0.0000000E+000  -7.3924406E+000   0.0000000E+000          0
   2.5599594E+002   9.2665744E-007   0.0000000E+000  -1.7995880E-001   0.0000000E+000  -7.5724227E+000   0.0000000E+000          0
   2.5699606E+002   9.1862019E-007   0.0000000E+000  -1.7995788E-001   0.0000000E+000  -7.7524039E+000   0.0000000E+000          0
   2.5799619E+002   9.1074808E-007   0.0000000E+000  -1.7995697E-001   0.0000000E+000  -7.9323842E+000   0.0000000E+000          0
   2.5899632E+002   9.0303490E-007   0.0000000E+000  -1.7995606E-001   0.0000000E+000  -8.1123635E+000   0.0000000E+000          0
   2.5999644E+002   8.9547604E-007   0.0000000E+000  -1.7995516E-001   0.0000000E+000  -8.2923420E+000   0.0000000E+000          0
   2.6099657E+002   8.8806620E-007   0.0000000E+000  -1.7995427E-001   0.0000000E+000  -8.4723196E+000   0.0000000E+000          0
   2.6199670E+002   8.8079999E-007   0.0000000E+000  -1.7995338E-001   0.0000000E+000  -8.6522962E+000   0.0000000E+000          0
   2.6299683E+002   8.7367403E-007   0.0000000E+000  -1.7995251E-001   0.0000000E+000  -8.8322720E+000   0.0000000E+000          0
   2.6399695E+002   8.6668528E-007   0.0000000E+000  -1.7995164E-001   0.0000000E+000  -9.0122470E+000   0.0000000E+000          0
   2.6499708E+002   8.5982514E-007   0.0000000E+000  -1.7995077E-001   0.0000000E+000  -9.1922210E+000   0.0000000E+000          0
   2.6599721E+002   8.5309398E-007   0.0000000E+000  -1.7994992E-001   0.0000000E+000  -9.3721942E+000   0.0000000E+000          0
   2.6699733E+002   8.4648435E-007   0.0000000E+000  -1.7994907E-001   0.0000000E+000  -9.5521666E+000   0.0000000E+000          0
   2.6799746E+002   8.3999270E-007   0.0000000E+000  -1.7994822E-001   0.0000000E+000  -9.7321380E+000   0.0000000E+000          0
   2.6899759E+002   8.3361808E-007   0.0000000E+000  -1.7994739E-001   0.0000000E+000  -9.9121087E+000   0.0000000E+000          0
   2.6999771E+002   8.2735384E-007   0.0000000E+000  -1.7994656E-001   0.0000000E+000  -1.0092079E+001   0.0000000E+000          0
   2.7099784E+002   8.2119962E-007   0.0000000E+000  -1.7994573E-001   0.0000000E+000  -1.0272048E+001   0.0000000E+000          0
   2.7199797E+002   8.1514855E-007   0.0000000E+000  -1.7994491E-001   0.0000000E+000  -1.0452016E+001   0.0000000E+000          0
   2.7299810E+002   8.0920104E-007   0.0000000E+000  -1.7994410E-001   0.0000000E+000  -1.0631983E+001   0.0000000E+000          0
   2.7399822E+002   8.0335118E-007   0.0000000E+000  -1.7994329E-001   0.0000000E+000  -1.0811950E+001   0.0000000E+000          0
   2.7499835E+002   7.9759798E-007   0.0000000E+000  -1.7994249E-001   0.0000000E+000  -1.0991915E+001   0.0000000E+000          0
   2.7599848E+002   7.9193606E-007   0.0000000E+000  -1.7994170E-001   0.0000000E+000  -1.1171880E+001   0.0000000E+000          0
   2.7699860E+002   7.8636503E-007   0.0000000E+000  -1.7994091E-001   0.0000000E+000  -1.1351844E+001   0.0000000E+000          0
   2.7799873E+002   7.8088241E-007   0.0000000E+000  -1.7994013E-001   0.0000000E+000  -1.1531808E+001   0.0000000E+000          0
   2.7899886E+002   7.7548346E-007   0.0000000E+000  -1.7993935E-001   0.0000000E+000  -1.1711770E+001   0.0000000E+000          0
   2.7999898E+002   7.7016805E-007   0.0000000E+000  -1.7993858E-001   0.0000000E+000  -1.1891732E+001   0.0000000E+000          0
   2.8099911E+002   7.6493024E-007   0.0000000E+000  -1.7993781E-001   0.0000000E+000  -1.2071693E+001   0.0000000E+000          0
   2.8199924E+002   7.5977103E-007   0.0000000E+000  -1.7993705E-001   0.0000000E+000  -1.2251654E+001   0.0000000E+000          0
   2.8299937E+002   7.5468897E-007   0.0000000E+000  -1.7993629E-001   0.0000000E+000  -1.2431613E+001   0.0000000E+000          0
   2.8399949E+002   7.4967842E-007   0.0000000E+000  -1.7993554E-001   0.0000000E+000  -1.2611572E+001   0.0000000E+000          0
   2.8499962E+002   7.4473942E-007   0.0000000E+000  -1.7993479E-001   0.0000000E+000  -1.2791530E+001   0.0000000E+000          0
   2.8599975E+002   7.3987048E-007   0.0000000E+000  -1.7993405E-001   0.0000000E+000  -1.2971487E+001   0.0000000E+000          0
   2.8699987E+002   7.3506675E-007   0.0000000E+000  -1.7993331E-001   0.0000000E+000  -1.3151444E+001   0.0000000E+000          0
   2.8800000E+002   7.3033061E-007   0.0000000E+000  -1.7993258E-001   0.0000000E+000  -1.3331399E+001   0.0000000E+000          0
