  -3.5899400E+002   3.8561616E-006   1.2780953E-008   0.0000000E+000   0.0000000E+000   0.0000000E+000   0.0000000E+000          0
  -3.5799401E+002   3.9059180E-006   1.2941605E-008   3.8809395E-006   1.2860948E-008   1.9362824E-006   6.4169513E-009          0
  -3.5699402E+002   3.9564915E-006   1.3104951E-008   7.8120427E-006   2.5883890E-008   7.7785170E-006   2.5775619E-008          0
  -3.5599403E+002   4.0078985E-006   1.3271058E-008   1.1794134E-005   3.9071553E-008   1.7577238E-005   5.8239222E-008          0
  -3.5499403E+002   4.0601558E-006   1.3439970E-008   1.5828056E-005   5.2426719E-008   3.1383864E-005   1.0397390E-007          0
  -3.5399404E+002   4.1132803E-006   1.3611756E-008   1.9914667E-005   6.5952227E-008   4.9250649E-005   1.6314857E-007          0
  -3.5299405E+002   4.1672898E-006   1.3786473E-008   2.4054843E-005   7.9650981E-008   7.1230720E-005   2.3593500E-007          0
  -3.5199406E+002   4.2222019E-006   1.3964180E-008   2.8249478E-005   9.3525940E-008   9.7378087E-005   3.2250793E-007          0
  -3.5099407E+002   4.2780353E-006   1.4144950E-008   3.2499484E-005   1.0758013E-007   1.2774766E-004   4.2304506E-007          0
  -3.4999408E+002   4.3348085E-006   1.4328837E-008   3.6805791E-005   1.2181664E-007   1.6239528E-004   5.3772717E-007          0
  -3.4899408E+002   4.3925410E-006   1.4515914E-008   4.1169348E-005   1.3623863E-007   2.0137771E-004   6.6673814E-007          0
  -3.4799409E+002   4.4512524E-006   1.4706251E-008   4.5591126E-005   1.5084931E-007   2.4475269E-004   8.1026505E-007          0
  -3.4699410E+002   4.5109629E-006   1.4899905E-008   5.0072112E-005   1.6565199E-007   2.9257894E-004   9.6849824E-007          0
  -3.4599411E+002   4.5716932E-006   1.5096968E-008   5.4613316E-005   1.8065001E-007   3.4491615E-004   1.1416314E-006          0
  -3.4499412E+002   4.6334646E-006   1.5297499E-008   5.9215769E-005   1.9584683E-007   4.0182507E-004   1.3298615E-006          0
  -3.4399413E+002   4.6962986E-006   1.5501583E-008   6.3880522E-005   2.1124594E-007   4.6336747E-004   1.5333892E-006          0
  -3.4299413E+002   4.7602176E-006   1.5709286E-008   6.8608649E-005   2.2685094E-007   5.2960618E-004   1.7524185E-006          0
  -3.4199414E+002   4.8252444E-006   1.5920700E-008   7.3401247E-005   2.4266549E-007   6.0060511E-004   1.9871571E-006          0
  -3.4099415E+002   4.8914024E-006   1.6135900E-008   7.8259435E-005   2.5869334E-007   6.7642931E-004   2.2378165E-006          0
  -3.3999416E+002   4.9587153E-006   1.6354972E-008   8.3184355E-005   2.7493831E-007   7.5714492E-004   2.5046119E-006          0
  -3.3899417E+002   5.0272080E-006   1.6578000E-008   8.8177176E-005   2.9140433E-007   8.4281926E-004   2.7877622E-006          0
  -3.3799418E+002   5.0969053E-006   1.6805072E-008   9.3239089E-005   3.0809538E-007   9.3352083E-004   3.0874907E-006          0
  -3.3699418E+002   5.1678333E-006   1.7036280E-008   9.8371312E-005   3.2501557E-007   1.0293193E-003   3.4040242E-006          0
  -3.3599419E+002   5.2400183E-006   1.7271719E-008   1.0357509E-004   3.4216907E-007   1.1302857E-003   3.7375941E-006          0
  -3.3499420E+002   5.3134873E-006   1.7511478E-008   1.0885169E-004   3.5956016E-007   1.2364920E-003   4.0884359E-006          0
  -3.3399421E+002   5.3882683E-006   1.7755667E-008   1.1420241E-004   3.7719321E-007   1.3480119E-003   4.4567891E-006          0
  -3.3299422E+002   5.4643897E-006   1.8004377E-008   1.1962858E-004   3.9507270E-007   1.4649201E-003   4.8428981E-006          0
  -3.3199423E+002   5.5418808E-006   1.8257708E-008   1.2513156E-004   4.1320320E-007   1.5872927E-003   5.2470116E-006          0
  -3.3099423E+002   5.6207715E-006   1.8515777E-008   1.3071272E-004   4.3158939E-007   1.7152072E-003   5.6693829E-006          0
  -3.2999424E+002   5.7010926E-006   1.8778690E-008   1.3637348E-004   4.5023606E-007   1.8487425E-003   6.1102700E-006          0
  -3.2899425E+002   5.7828756E-006   1.9046549E-008   1.4211530E-004   4.6914811E-007   1.9879789E-003   6.5699359E-006          0
  -3.2799426E+002   5.8661531E-006   1.9319483E-008   1.4793963E-004   4.8833053E-007   2.1329982E-003   7.0486485E-006          0
  -3.2699427E+002   5.9509581E-006   1.9597599E-008   1.5384801E-004   5.0778848E-007   2.2838837E-003   7.5466807E-006          0
  -3.2599428E+002   6.0373248E-006   1.9881028E-008   1.5984197E-004   5.2752718E-007   2.4407202E-003   8.0643106E-006          0
  -3.2499428E+002   6.1252881E-006   2.0169885E-008   1.6592309E-004   5.4755201E-007   2.6035940E-003   8.6018216E-006          0
  -3.2399429E+002   6.2148840E-006   2.0464304E-008   1.7209299E-004   5.6786846E-007   2.7725932E-003   9.1595026E-006          0
  -3.2299430E+002   6.3061494E-006   2.0764419E-008   1.7835331E-004   5.8848217E-007   2.9478073E-003   9.7376481E-006          0
  -3.2199431E+002   6.3991221E-006   2.1070360E-008   1.8470575E-004   6.0939890E-007   3.1293276E-003   1.0336558E-005          0
  -3.2099432E+002   6.4938410E-006   2.1382271E-008   1.9115203E-004   6.3062453E-007   3.3172470E-003   1.0956539E-005          0
  -3.1999433E+002   6.5903460E-006   2.1700288E-008   1.9769392E-004   6.5216512E-007   3.5116603E-003   1.1597902E-005          0
  -3.1899433E+002   6.6886780E-006   2.2024563E-008   2.0433322E-004   6.7402683E-007   3.7126640E-003   1.2260965E-005          0
  -3.1799434E+002   6.7888792E-006   2.2355256E-008   2.1107179E-004   6.9621602E-007   3.9203564E-003   1.2946053E-005          0
  -3.1699435E+002   6.8909927E-006   2.2692508E-008   2.1791151E-004   7.1873916E-007   4.1348378E-003   1.3653497E-005          0
  -3.1599436E+002   6.9950631E-006   2.3036486E-008   2.2485431E-004   7.4160290E-007   4.3562102E-003   1.4383633E-005          0
  -3.1499437E+002   7.1011358E-006   2.3387351E-008   2.3190218E-004   7.6481404E-007   4.5845777E-003   1.5136806E-005          0
  -3.1399438E+002   7.2092579E-006   2.3745282E-008   2.3905715E-004   7.8837956E-007   4.8200464E-003   1.5913367E-005          0
  -3.1299438E+002   7.3194774E-006   2.4110439E-008   2.4632128E-004   8.1230661E-007   5.0627244E-003   1.6713673E-005          0
  -3.1199439E+002   7.4318439E-006   2.4483013E-008   2.5369670E-004   8.3660251E-007   5.3127219E-003   1.7538089E-005          0
  -3.1099440E+002   7.5464082E-006   2.4863187E-008   2.6118557E-004   8.6127476E-007   5.5701513E-003   1.8386989E-005          0
  -3.0999441E+002   7.6632227E-006   2.5251150E-008   2.6879014E-004   8.8633107E-007   5.8351273E-003   1.9260752E-005          0
  -3.0899442E+002   7.7823412E-006   2.5647098E-008   2.7651266E-004   9.1177931E-007   6.1077665E-003   2.0159767E-005          0
  -3.0799443E+002   7.9038188E-006   2.6051225E-008   2.8435548E-004   9.3762756E-007   6.3881881E-003   2.1084429E-005          0
  -3.0699443E+002   8.0277125E-006   2.6463750E-008   2.9232097E-004   9.6388412E-007   6.6765136E-003   2.2035143E-005          0
  -3.0599444E+002   8.1540807E-006   2.6884884E-008   3.0041159E-004   9.9055749E-007   6.9728668E-003   2.3012320E-005          0
  -3.0499445E+002   8.2829836E-006   2.7314844E-008   3.0862984E-004   1.0176564E-006   7.2773743E-003   2.4016383E-005          0
  -3.0399446E+002   8.4144829E-006   2.7753858E-008   3.1697829E-004   1.0451897E-006   7.5901648E-003   2.5047761E-005          0
  -3.0299447E+002   8.5486423E-006   2.8202155E-008   3.2545955E-004   1.0731667E-006   7.9113698E-003   2.6106893E-005          0
  -3.0199448E+002   8.6855274E-006   2.8659982E-008   3.3407634E-004   1.1015968E-006   8.2411236E-003   2.7194227E-005          0
  -3.0099448E+002   8.8252053E-006   2.9127587E-008   3.4283139E-004   1.1304895E-006   8.5795630E-003   2.8310222E-005          0
  -2.9999449E+002   8.9677455E-006   2.9605222E-008   3.5172755E-004   1.1598548E-006   8.9268277E-003   2.9455345E-005          0
  -2.9899450E+002   9.1132193E-006   3.0093157E-008   3.6076771E-004   1.1897029E-006   9.2830602E-003   3.0630073E-005          0
  -2.9799451E+002   9.2617001E-006   3.0591652E-008   3.6995484E-004   1.2200441E-006   9.6484061E-003   3.1834895E-005          0
  -2.9699452E+002   9.4132636E-006   3.1100994E-008   3.7929199E-004   1.2508893E-006   1.0023014E-002   3.3070309E-005          0
  -2.9599453E+002   9.5679875E-006   3.1621474E-008   3.8878227E-004   1.2822493E-006   1.0407035E-002   3.4336824E-005          0
  -2.9499453E+002   9.7259521E-006   3.2153384E-008   3.9842888E-004   1.3141355E-006   1.0800624E-002   3.5634962E-005          0
  -2.9399454E+002   9.8872398E-006   3.2697035E-008   4.0823512E-004   1.3465594E-006   1.1203939E-002   3.6965253E-005          0
  -2.9299455E+002   1.0051936E-005   3.3252744E-008   4.1820433E-004   1.3795330E-006   1.1617142E-002   3.8328241E-005          0
  -2.9199456E+002   1.0220128E-005   3.3820833E-008   4.2833998E-004   1.4130685E-006   1.2040396E-002   3.9724483E-005          0
  -2.9099457E+002   1.0391905E-005   3.4401645E-008   4.3864561E-004   1.4471784E-006   1.2473871E-002   4.1154546E-005          0
  -2.8999458E+002   1.0567362E-005   3.4995524E-008   4.4912485E-004   1.4818756E-006   1.2917738E-002   4.2619011E-005          0
  -2.8899458E+002   1.0746594E-005   3.5602830E-008   4.5978142E-004   1.5171733E-006   1.3372172E-002   4.4118473E-005          0
  -2.8799459E+002   1.0929699E-005   3.6223929E-008   4.7061915E-004   1.5530852E-006   1.3837354E-002   4.5653537E-005          0
  -2.8699460E+002   1.1116780E-005   3.6859213E-008   4.8164196E-004   1.5896253E-006   1.4313465E-002   4.7224827E-005          0
  -2.8599461E+002   1.1307941E-005   3.7509068E-008   4.9285388E-004   1.6268079E-006   1.4800693E-002   4.8832976E-005          0
  -2.8499462E+002   1.1503290E-005   3.8173908E-008   5.0425905E-004   1.6646478E-006   1.5299229E-002   5.0478634E-005          0
  -2.8399463E+002   1.1702940E-005   3.8854152E-008   5.1586170E-004   1.7031602E-006   1.5809268E-002   5.2162468E-005          0
  -2.8299463E+002   1.1907005E-005   3.9550229E-008   5.2766621E-004   1.7423607E-006   1.6331011E-002   5.3885156E-005          0
  -2.8199464E+002   1.2115604E-005   4.0262597E-008   5.3967703E-004   1.7822654E-006   1.6864660E-002   5.5647395E-005          0
  -2.8099465E+002   1.2328860E-005   4.0991718E-008   5.5189876E-004   1.8228908E-006   1.7410426E-002   5.7449897E-005          0
  -2.7999466E+002   1.2546898E-005   4.1738072E-008   5.6433613E-004   1.8642539E-006   1.7968521E-002   5.9293392E-005          0
  -2.7899467E+002   1.2769849E-005   4.2502151E-008   5.7699399E-004   1.9063722E-006   1.8539162E-002   6.1178626E-005          0
  -2.7799468E+002   1.2997848E-005   4.3284471E-008   5.8987730E-004   1.9492636E-006   1.9122574E-002   6.3106362E-005          0
  -2.7699468E+002   1.3231034E-005   4.4085560E-008   6.0299120E-004   1.9929467E-006   1.9718984E-002   6.5077384E-005          0
  -2.7599469E+002   1.3469550E-005   4.4905968E-008   6.1634093E-004   2.0374404E-006   2.0328625E-002   6.7092493E-005          0
  -2.7499470E+002   1.3713544E-005   4.5746265E-008   6.2993190E-004   2.0827645E-006   2.0951736E-002   6.9152508E-005          0
  -2.7399471E+002   1.3963169E-005   4.6607029E-008   6.4376966E-004   2.1289390E-006   2.1588561E-002   7.1258270E-005          0
  -2.7299472E+002   1.4218583E-005   4.7488872E-008   6.5785993E-004   2.1759848E-006   2.2239349E-002   7.3410641E-005          0
  -2.7199473E+002   1.4479949E-005   4.8392416E-008   6.7220857E-004   2.2239232E-006   2.2904356E-002   7.5610501E-005          0
  -2.7099473E+002   1.4747436E-005   4.9318317E-008   6.8682163E-004   2.2727763E-006   2.3583843E-002   7.7858755E-005          0
  -2.6999474E+002   1.5021218E-005   5.0267242E-008   7.0170530E-004   2.3225667E-006   2.4278078E-002   8.0156328E-005          0
  -2.6899475E+002   1.5301475E-005   5.1239887E-008   7.1686597E-004   2.3733178E-006   2.4987334E-002   8.2504170E-005          0
  -2.6799476E+002   1.5588393E-005   5.2236977E-008   7.3231021E-004   2.4250538E-006   2.5711892E-002   8.4903252E-005          0
  -2.6699477E+002   1.5882165E-005   5.3259244E-008   7.4804478E-004   2.4777993E-006   2.6452039E-002   8.7354573E-005          0
  -2.6599478E+002   1.6182988E-005   5.4307475E-008   7.6407663E-004   2.5315800E-006   2.7208068E-002   8.9859155E-005          0
  -2.6499478E+002   1.6491070E-005   5.5382460E-008   7.8041291E-004   2.5864223E-006   2.7980281E-002   9.2418045E-005          0
  -2.6399479E+002   1.6806622E-005   5.6485032E-008   7.9706098E-004   2.6423532E-006   2.8768985E-002   9.5032319E-005          0
  -2.6299480E+002   1.7129865E-005   5.7616046E-008   8.1402843E-004   2.6994009E-006   2.9574496E-002   9.7703080E-005          0
  -2.6199481E+002   1.7461026E-005   5.8776395E-008   8.3132307E-004   2.7575941E-006   3.0397137E-002   1.0043146E-004          0
  -2.6099482E+002   1.7800341E-005   5.9966997E-008   8.4895291E-004   2.8169628E-006   3.1237240E-002   1.0321861E-004          0
  -2.5999483E+002   1.8148054E-005   6.1188808E-008   8.6692625E-004   2.8775375E-006   3.2095143E-002   1.0606574E-004          0
  -2.5899483E+002   1.8504417E-005   6.2442824E-008   8.8525160E-004   2.9393501E-006   3.2971195E-002   1.0897405E-004          0
  -2.5799484E+002   1.8869692E-005   6.3730065E-008   9.0393774E-004   3.0024332E-006   3.3865752E-002   1.1194481E-004          0
  -2.5699485E+002   1.9244148E-005   6.5051600E-008   9.2299373E-004   3.0668206E-006   3.4779179E-002   1.1497930E-004          0
  -2.5599486E+002   1.9628067E-005   6.6408535E-008   9.4242887E-004   3.1325471E-006   3.5711851E-002   1.1807885E-004          0
  -2.5499487E+002   2.0021739E-005   6.7802015E-008   9.6225279E-004   3.1996487E-006   3.6664151E-002   1.2124480E-004          0
  -2.5399488E+002   2.0425464E-005   6.9233235E-008   9.8247537E-004   3.2681626E-006   3.7636473E-002   1.2447856E-004          0
  -2.5299488E+002   2.0839555E-005   7.0703426E-008   1.0031068E-003   3.3381270E-006   3.8629221E-002   1.2778156E-004          0
  -2.5199489E+002   2.1264333E-005   7.2213873E-008   1.0241577E-003   3.4095817E-006   3.9642810E-002   1.3115526E-004          0
  -2.5099490E+002   2.1700135E-005   7.3765909E-008   1.0456388E-003   3.4825674E-006   4.0677663E-002   1.3460118E-004          0
  -2.4999491E+002   2.2147306E-005   7.5360907E-008   1.0675614E-003   3.5571266E-006   4.1734217E-002   1.3812086E-004          0
  -2.4899492E+002   2.2606208E-005   7.7000315E-008   1.0899370E-003   3.6333028E-006   4.2812919E-002   1.4171591E-004          0
  -2.4799493E+002   2.3077214E-005   7.8685624E-008   1.1127775E-003   3.7111412E-006   4.3914228E-002   1.4538796E-004          0
  -2.4699493E+002   2.3560710E-005   8.0418378E-008   1.1360952E-003   3.7906885E-006   4.5038614E-002   1.4913870E-004          0
  -2.4599494E+002   2.4057099E-005   8.2200197E-008   1.1599028E-003   3.8719930E-006   4.6186562E-002   1.5296986E-004          0
  -2.4499495E+002   2.4566798E-005   8.4032755E-008   1.1842134E-003   3.9551045E-006   4.7358568E-002   1.5688322E-004          0
  -2.4399496E+002   2.5090240E-005   8.5917789E-008   1.2090406E-003   4.0400746E-006   4.8555142E-002   1.6088062E-004          0
  -2.4299497E+002   2.5627875E-005   8.7857113E-008   1.2343982E-003   4.1269567E-006   4.9776806E-002   1.6496394E-004          0
  -2.4199498E+002   2.6180168E-005   8.9852620E-008   1.2603008E-003   4.2158061E-006   5.1024099E-002   1.6913512E-004          0
  -2.4099498E+002   2.6747606E-005   9.1906256E-008   1.2867631E-003   4.3066798E-006   5.2297573E-002   1.7339616E-004          0
  -2.3999499E+002   2.7330691E-005   9.4020069E-008   1.3138007E-003   4.3996371E-006   5.3597796E-002   1.7774910E-004          0
  -2.3899500E+002   2.7929946E-005   9.6196182E-008   1.3414295E-003   4.4947392E-006   5.4925350E-002   1.8219607E-004          0
  -2.3799501E+002   2.8545916E-005   9.8436806E-008   1.3696657E-003   4.5920494E-006   5.6280835E-002   1.8673924E-004          0
  -2.3699502E+002   2.9179166E-005   1.0074424E-007   1.3985266E-003   4.6916334E-006   5.7664866E-002   1.9138085E-004          0
  -2.3599503E+002   2.9830283E-005   1.0312088E-007   1.4280295E-003   4.7935592E-006   5.9078078E-002   1.9612321E-004          0
  -2.3499503E+002   3.0499878E-005   1.0556923E-007   1.4581928E-003   4.8978973E-006   6.0521122E-002   2.0096870E-004          0
  -2.3399504E+002   3.1188587E-005   1.0809188E-007   1.4890352E-003   5.0047207E-006   6.1994666E-002   2.0591975E-004          0
  -2.3299505E+002   3.1897071E-005   1.1069155E-007   1.5205761E-003   5.1141050E-006   6.3499400E-002   2.1097891E-004          0
  -2.3199506E+002   3.2626018E-005   1.1337106E-007   1.5528356E-003   5.2261286E-006   6.5036032E-002   2.1614876E-004          0
  -2.3099507E+002   3.3376145E-005   1.1613336E-007   1.5858346E-003   5.3408728E-006   6.6605292E-002   2.2143198E-004          0
  -2.2999508E+002   3.4148196E-005   1.1898152E-007   1.6195946E-003   5.4584220E-006   6.8207929E-002   2.2683135E-004          0
  -2.2899508E+002   3.4942948E-005   1.2191874E-007   1.6541380E-003   5.5788635E-006   6.9844715E-002   2.3234970E-004          0
  -2.2799509E+002   3.5761210E-005   1.2494837E-007   1.6894878E-003   5.7022882E-006   7.1516446E-002   2.3798998E-004          0
  -2.2699510E+002   3.6603823E-005   1.2807390E-007   1.7256679E-003   5.8287902E-006   7.3223939E-002   2.4375521E-004          0
  -2.2599511E+002   3.7471666E-005   1.3129896E-007   1.7627032E-003   5.9584670E-006   7.4968038E-002   2.4964852E-004          0
  -2.2499512E+002   3.8365652E-005   1.3462736E-007   1.8006193E-003   6.0914203E-006   7.6749610E-002   2.5567313E-004          0
  -2.2399513E+002   3.9286736E-005   1.3806307E-007   1.8394429E-003   6.2277553E-006   7.8569549E-002   2.6183238E-004          0
  -2.2299513E+002   4.0235912E-005   1.4161023E-007   1.8792015E-003   6.3675813E-006   8.0428777E-002   2.6812970E-004          0
  -2.2199514E+002   4.1214216E-005   1.4527319E-007   1.9199238E-003   6.5110120E-006   8.2328242E-002   2.7456864E-004          0
  -2.2099515E+002   4.2222731E-005   1.4905645E-007   1.9616393E-003   6.6581653E-006   8.4268923E-002   2.8115286E-004          0
  -2.1999516E+002   4.3262585E-005   1.5296476E-007   2.0043790E-003   6.8091641E-006   8.6251829E-002   2.8788614E-004          0
  -2.1899517E+002   4.4334957E-005   1.5700307E-007   2.0481746E-003   6.9641357E-006   8.8278000E-002   2.9477240E-004          0
  -2.1799518E+002   4.5441076E-005   1.6117655E-007   2.0930594E-003   7.1232127E-006   9.0348507E-002   3.0181567E-004          0
  -2.1699518E+002   4.6582227E-005   1.6549061E-007   2.1390677E-003   7.2865329E-006   9.2464458E-002   3.0902012E-004          0
  -2.1599519E+002   4.7759753E-005   1.6995092E-007   2.1862352E-003   7.4542399E-006   9.4626993E-002   3.1639007E-004          0
  -2.1499520E+002   4.8975055E-005   1.7456340E-007   2.2345990E-003   7.6264826E-006   9.6837291E-002   3.2392999E-004          0
  -2.1399521E+002   5.0229598E-005   1.7933426E-007   2.2841976E-003   7.8034165E-006   9.9096566E-002   3.3164448E-004          0
  -2.1299522E+002   5.1524914E-005   1.8427000E-007   2.3350709E-003   7.9852031E-006   1.0140607E-001   3.3953831E-004          0
  -2.1199523E+002   5.2862604E-005   1.8937744E-007   2.3872607E-003   8.1720107E-006   1.0376711E-001   3.4761642E-004          0
  -2.1099524E+002   5.4244345E-005   1.9466370E-007   2.4408100E-003   8.3640144E-006   1.0618101E-001   3.5588392E-004          0
  -2.0999524E+002   5.5671887E-005   2.0013625E-007   2.4957637E-003   8.5613969E-006   1.0864915E-001   3.6434610E-004          0
  -2.0899525E+002   5.7147067E-005   2.0580294E-007   2.5521687E-003   8.7643483E-006   1.1117298E-001   3.7300843E-004          0
  -2.0799526E+002   5.8671803E-005   2.1167198E-007   2.6100734E-003   8.9730668E-006   1.1375395E-001   3.8187658E-004          0
  -2.0699527E+002   6.0248106E-005   2.1775199E-007   2.6695285E-003   9.1877590E-006   1.1639360E-001   3.9095641E-004          0
  -2.0599528E+002   6.1878083E-005   2.2405201E-007   2.7305865E-003   9.4086405E-006   1.1909350E-001   4.0025400E-004          0
  -2.0499529E+002   6.3563939E-005   2.3058155E-007   2.7933023E-003   9.6359358E-006   1.2185528E-001   4.0977567E-004          0
  -2.0399529E+002   6.5307987E-005   2.3735056E-007   2.8577327E-003   9.8698795E-006   1.2468063E-001   4.1952793E-004          0
  -2.0299530E+002   6.7112651E-005   2.4436951E-007   2.9239373E-003   1.0110716E-005   1.2757129E-001   4.2951756E-004          0
  -2.0199531E+002   6.8980473E-005   2.5164939E-007   2.9919780E-003   1.0358701E-005   1.3052906E-001   4.3975158E-004          0
  -2.0099532E+002   7.0914119E-005   2.5920176E-007   3.0619191E-003   1.0614102E-005   1.3355583E-001   4.5023726E-004          0
  -1.9999533E+002   7.2916388E-005   2.6703875E-007   3.1338279E-003   1.0877196E-005   1.3665351E-001   4.6098217E-004          0
  -1.9899534E+002   7.4990215E-005   2.7517313E-007   3.2077745E-003   1.1148274E-005   1.3982411E-001   4.7199413E-004          0
  -1.9799534E+002   7.7138686E-005   2.8361834E-007   3.2838319E-003   1.1427641E-005   1.4306971E-001   4.8328129E-004          0
  -1.9699535E+002   7.9365037E-005   2.9238849E-007   3.3620765E-003   1.1715614E-005   1.4639245E-001   4.9485209E-004          0
  -1.9599536E+002   8.1672671E-005   3.0149846E-007   3.4425878E-003   1.2012526E-005   1.4979456E-001   5.0671530E-004          0
  -1.9499537E+002   8.4065165E-005   3.1096388E-007   3.5254488E-003   1.2318724E-005   1.5327835E-001   5.1888004E-004          0
  -1.9399538E+002   8.6546277E-005   3.2080126E-007   3.6107462E-003   1.2634573E-005   1.5684621E-001   5.3135576E-004          0
  -1.9299539E+002   8.9119960E-005   3.3102795E-007   3.6985707E-003   1.2960451E-005   1.6050062E-001   5.4415232E-004          0
  -1.9199539E+002   9.1790373E-005   3.4166226E-007   3.7890169E-003   1.3296759E-005   1.6424416E-001   5.5727993E-004          0
  -1.9099540E+002   9.4561892E-005   3.5272346E-007   3.8821837E-003   1.3643912E-005   1.6807950E-001   5.7074923E-004          0
  -1.8999541E+002   9.7439126E-005   3.6423191E-007   3.9781744E-003   1.4002349E-005   1.7200941E-001   5.8457128E-004          0
  -1.8899542E+002   1.0042692E-004   3.7620905E-007   4.0770971E-003   1.4372526E-005   1.7603676E-001   5.9875761E-004          0
  -1.8799543E+002   1.0353040E-004   3.8867755E-007   4.1790651E-003   1.4754925E-005   1.8016455E-001   6.1332017E-004          0
  -1.8699544E+002   1.0675494E-004   4.0166130E-007   4.2841966E-003   1.5150047E-005   1.8439587E-001   6.2827145E-004          0
  -1.8599544E+002   1.1010622E-004   4.1518554E-007   4.3926154E-003   1.5558421E-005   1.8873396E-001   6.4362443E-004          0
  -1.8499545E+002   1.1359022E-004   4.2927694E-007   4.5044514E-003   1.5980600E-005   1.9318217E-001   6.5939263E-004          0
  -1.8399546E+002   1.1721327E-004   4.4396369E-007   4.6198403E-003   1.6417166E-005   1.9774398E-001   6.7559016E-004          0
  -1.8299547E+002   1.2098204E-004   4.5927558E-007   4.7389245E-003   1.6868728E-005   2.0242301E-001   6.9223169E-004          0
  -1.8199548E+002   1.2490355E-004   4.7524411E-007   4.8618533E-003   1.7335928E-005   2.0722303E-001   7.0933254E-004          0
  -1.8099549E+002   1.2898524E-004   4.9190263E-007   4.9887830E-003   1.7819439E-005   2.1214796E-001   7.2690869E-004          0
  -1.7999549E+002   1.3323497E-004   5.0928643E-007   5.1198776E-003   1.8319967E-005   2.1720190E-001   7.4497680E-004          0
  -1.7899550E+002   1.3766104E-004   5.2743284E-007   5.2553094E-003   1.8838257E-005   2.2238908E-001   7.6355424E-004          0
  -1.7799551E+002   1.4227222E-004   5.4638145E-007   5.3952591E-003   1.9375091E-005   2.2771394E-001   7.8265918E-004          0
  -1.7699552E+002   1.4707780E-004   5.6617419E-007   5.5399163E-003   1.9931292E-005   2.3318108E-001   8.0231055E-004          0
  -1.7599553E+002   1.5208760E-004   5.8685551E-007   5.6894803E-003   2.0507726E-005   2.3879531E-001   8.2252817E-004          0
  -1.7499554E+002   1.5731202E-004   6.0847255E-007   5.8441605E-003   2.1105305E-005   2.4456165E-001   8.4333271E-004          0
  -1.7399554E+002   1.6276208E-004   6.3107531E-007   6.0041769E-003   2.1724990E-005   2.5048531E-001   8.6474580E-004          0
  -1.7299555E+002   1.6844944E-004   6.5471690E-007   6.1697610E-003   2.2367792E-005   2.5657176E-001   8.8679003E-004          0
  -1.7199556E+002   1.7438648E-004   6.7945366E-007   6.3411562E-003   2.3034778E-005   2.6282667E-001   9.0948907E-004          0
  -1.7099557E+002   1.8058631E-004   7.0534548E-007   6.5186187E-003   2.3727073E-005   2.6925599E-001   9.3286764E-004          0
  -1.6999558E+002   1.8706285E-004   7.3245599E-007   6.7024181E-003   2.4445863E-005   2.7586591E-001   9.5695165E-004          0
  -1.6899559E+002   1.9383085E-004   7.6085286E-007   6.8928384E-003   2.5192401E-005   2.8266292E-001   9.8176821E-004          0
  -1.6799559E+002   2.0090601E-004   7.9060806E-007   7.0901789E-003   2.5968009E-005   2.8965378E-001   1.0073457E-003          0
  -1.6699560E+002   2.0830497E-004   8.2179819E-007   7.2947550E-003   2.6774082E-005   2.9684557E-001   1.0337139E-003          0
  -1.6599561E+002   2.1604543E-004   8.5450478E-007   7.5068992E-003   2.7612097E-005   3.0424569E-001   1.0609041E-003          0
  -1.6499562E+002   2.2414621E-004   8.8881469E-007   7.7269623E-003   2.8483612E-005   3.1186188E-001   1.0889488E-003          0
  -1.6399563E+002   2.3262732E-004   9.2482050E-007   7.9553146E-003   2.9390277E-005   3.1970225E-001   1.1178825E-003          0
  -1.6299564E+002   2.4151006E-004   9.6262089E-007   8.1923469E-003   3.0333836E-005   3.2777527E-001   1.1477412E-003          0
  -1.6199564E+002   2.5081709E-004   1.0023211E-006   8.4384721E-003   3.1316135E-005   3.3608983E-001   1.1785626E-003          0
  -1.6099565E+002   2.6057257E-004   1.0440336E-006   8.6941264E-003   3.2339132E-005   3.4465525E-001   1.2103865E-003          0
  -1.5999566E+002   2.7080224E-004   1.0878782E-006   8.9597710E-003   3.3404896E-005   3.5348127E-001   1.2432546E-003          0
  -1.5899567E+002   2.8153351E-004   1.1339832E-006   9.2358935E-003   3.4515623E-005   3.6257813E-001   1.2772107E-003          0
  -1.5799568E+002   2.9279566E-004   1.1824854E-006   9.5230102E-003   3.5673642E-005   3.7195657E-001   1.3123010E-003          0
  -1.5699569E+002   3.0461991E-004   1.2335315E-006   9.8216673E-003   3.6881422E-005   3.8162784E-001   1.3485740E-003          0
  -1.5599569E+002   3.1703960E-004   1.2872780E-006   1.0132443E-002   3.8141585E-005   3.9160378E-001   1.3860807E-003          0
  -1.5499570E+002   3.3009034E-004   1.3438928E-006   1.0455952E-002   3.9456913E-005   4.0189680E-001   1.4248749E-003          0
  -1.5399571E+002   3.4381018E-004   1.4035556E-006   1.0792842E-002   4.0830364E-005   4.1251997E-001   1.4650133E-003          0
  -1.5299572E+002   3.5823984E-004   1.4664589E-006   1.1143803E-002   4.2265080E-005   4.2348700E-001   1.5065554E-003          0
  -1.5199573E+002   3.7342282E-004   1.5328093E-006   1.1509566E-002   4.3764406E-005   4.3481232E-001   1.5495642E-003          0
  -1.5099574E+002   3.8940573E-004   1.6028282E-006   1.1890909E-002   4.5331896E-005   4.4651113E-001   1.5941062E-003          0
  -1.4999574E+002   4.0623847E-004   1.6767535E-006   1.2288654E-002   4.6971337E-005   4.5859941E-001   1.6402513E-003          0
  -1.4899575E+002   4.2397449E-004   1.7548405E-006   1.2703680E-002   4.8686762E-005   4.7109399E-001   1.6880734E-003          0
  -1.4799576E+002   4.4267109E-004   1.8373639E-006   1.3136917E-002   5.0482467E-005   4.8401262E-001   1.7376507E-003          0
  -1.4699577E+002   4.6238973E-004   1.9246187E-006   1.3589355E-002   5.2363036E-005   4.9737401E-001   1.7890658E-003          0
  -1.4599578E+002   4.8319636E-004   2.0169227E-006   1.4062051E-002   5.4333355E-005   5.1119786E-001   1.8424058E-003          0
  -1.4499579E+002   5.0516180E-004   2.1146176E-006   1.4556126E-002   5.6398644E-005   5.2550500E-001   1.8977632E-003          0
  -1.4399579E+002   5.2836209E-004   2.2180719E-006   1.5072778E-002   5.8564475E-005   5.4031739E-001   1.9552357E-003          0
  -1.4299580E+002   5.5287899E-004   2.3276827E-006   1.5613280E-002   6.0836803E-005   5.5565825E-001   2.0149267E-003          0
  -1.4199581E+002   5.7880039E-004   2.4438783E-006   1.6178994E-002   6.3221996E-005   5.7155210E-001   2.0769459E-003          0
  -1.4099582E+002   6.0622087E-004   2.5671210E-006   1.6771371E-002   6.5726867E-005   5.8802486E-001   2.1414095E-003          0
  -1.3999583E+002   6.3524224E-004   2.6979102E-006   1.7391960E-002   6.8358710E-005   6.0510396E-001   2.2084409E-003          0
  -1.3899584E+002   6.6597414E-004   2.8367853E-006   1.8042415E-002   7.1125337E-005   6.2281844E-001   2.2781707E-003          0
  -1.3799584E+002   6.9853473E-004   2.9843300E-006   1.8724506E-002   7.4035122E-005   6.4119903E-001   2.3507380E-003          0
  -1.3699585E+002   7.3305140E-004   3.1411760E-006   1.9440125E-002   7.7097047E-005   6.6027831E-001   2.4262904E-003          0
  -1.3599586E+002   7.6966159E-004   3.3080070E-006   2.0191294E-002   8.0320749E-005   6.8009081E-001   2.5049848E-003          0
  -1.3499587E+002   8.0851362E-004   3.4855643E-006   2.0980182E-002   8.3716580E-005   7.0067313E-001   2.5869880E-003          0
  -1.3399588E+002   8.4976767E-004   3.6746517E-006   2.1809109E-002   8.7295662E-005   7.2206416E-001   2.6724776E-003          0
  -1.3299589E+002   8.9359678E-004   3.8761415E-006   2.2680561E-002   9.1069955E-005   7.4430516E-001   2.7616429E-003          0
  -1.3199589E+002   9.4018806E-004   4.0909811E-006   2.3597208E-002   9.5052329E-005   7.6743997E-001   2.8546853E-003          0
  -1.3099590E+002   9.8974382E-004   4.3202000E-006   2.4561910E-002   9.9256641E-005   7.9151520E-001   2.9518199E-003          0
  -1.2999591E+002   1.0424830E-003   4.5649183E-006   2.5577740E-002   1.0369782E-004   8.1658042E-001   3.0532759E-003          0
  -1.2899592E+002   1.0986427E-003   4.8263548E-006   2.6647998E-002   1.0839197E-004   8.4268839E-001   3.1592981E-003          0
  -1.2799593E+002   1.1584797E-003   5.1058375E-006   2.7776232E-002   1.1335646E-004   8.6989529E-001   3.2701481E-003          0
  -1.2699594E+002   1.2222721E-003   5.4048138E-006   2.8966256E-002   1.1861006E-004   8.9826098E-001   3.3861055E-003          0
  -1.2599594E+002   1.2903218E-003   5.7248631E-006   3.0222175E-002   1.2417302E-004   9.2784928E-001   3.5074694E-003          0
  -1.2499595E+002   1.3629560E-003   6.0677099E-006   3.1548406E-002   1.3006729E-004   9.5872826E-001   3.6345599E-003          0
  -1.2399596E+002   1.4405298E-003   6.4352388E-006   3.2949710E-002   1.3631657E-004   9.9097059E-001   3.7677201E-003          0
  -1.2299597E+002   1.5234288E-003   6.8295110E-006   3.4431216E-002   1.4294657E-004   1.0246539E+000   3.9073176E-003          0
  -1.2199598E+002   1.6120720E-003   7.2527825E-006   3.5998457E-002   1.4998514E-004   1.0598610E+000   4.0537470E-003          0
  -1.2099599E+002   1.7069143E-003   7.7075252E-006   3.7657399E-002   1.5746250E-004   1.0966807E+000   4.2074316E-003          0
  -1.1999599E+002   1.8084506E-003   8.1964495E-006   3.9414487E-002   1.6541145E-004   1.1352079E+000   4.3688265E-003          0
  -1.1899600E+002   1.9172189E-003   8.7225298E-006   4.1276680E-002   1.7386764E-004   1.1755441E+000   4.5384208E-003          0
  -1.1799601E+002   2.0338045E-003   9.2890337E-006   4.3251498E-002   1.8286983E-004   1.2177981E+000   4.7167409E-003          0
  -1.1699602E+002   2.1588444E-003   9.8995535E-006   4.5347073E-002   1.9246022E-004   1.2620866E+000   4.9043534E-003          0
  -1.1599603E+002   2.2930320E-003   1.0558042E-005   4.7572199E-002   2.0268476E-004   1.3085347E+000   5.1018694E-003          0
  -1.1499604E+002   2.4371224E-003   1.1268855E-005   4.9936398E-002   2.1359356E-004   1.3572765E+000   5.3099476E-003          0
  -1.1399604E+002   2.5919382E-003   1.2036792E-005   5.2449978E-002   2.2524132E-004   1.4084564E+000   5.5292992E-003          0
  -1.1299605E+002   2.7583755E-003   1.2867153E-005   5.5124104E-002   2.3768775E-004   1.4622291E+000   5.7606926E-003          0
  -1.1199606E+002   2.9374110E-003   1.3765790E-005   5.7970881E-002   2.5099816E-004   1.5187612E+000   6.0049587E-003          0
  -1.1099607E+002   3.1301093E-003   1.4739176E-005   6.1003430E-002   2.6524401E-004   1.5782318E+000   6.2629965E-003          0
  -1.0999608E+002   3.3376312E-003   1.5794476E-005   6.4235987E-002   2.8050356E-004   1.6408337E+000   6.5357800E-003          0
  -1.0899609E+002   3.5612425E-003   1.6939628E-005   6.7683998E-002   2.9686263E-004   1.7067745E+000   6.8243653E-003          0
  -1.0799609E+002   3.8023240E-003   1.8183438E-005   7.1364234E-002   3.1441540E-004   1.7762780E+000   7.1298981E-003          0
  -1.0699610E+002   4.0623821E-003   1.9535684E-005   7.5294906E-002   3.3326533E-004   1.8495853E+000   7.4536231E-003          0
  -1.0599611E+002   4.3430607E-003   2.1007237E-005   7.9495802E-002   3.5352620E-004   1.9269566E+000   7.7968934E-003          0
  -1.0499612E+002   4.6461543E-003   2.2610194E-005   8.3988425E-002   3.7532324E-004   2.0086728E+000   8.1611815E-003          0
  -1.0399613E+002   4.9736225E-003   2.4358032E-005   8.8796155E-002   3.9879448E-004   2.0950370E+000   8.5480914E-003          0
  -1.0299614E+002   5.3276062E-003   2.6265786E-005   9.3944422E-002   4.2409218E-004   2.1863771E+000   8.9593724E-003          0
  -1.0199614E+002   5.7104457E-003   2.8350245E-005   9.9460894E-002   4.5138449E-004   2.2830470E+000   9.3969333E-003          0
  -1.0099615E+002   6.1247020E-003   3.0630183E-005   1.0537569E-001   4.8085732E-004   2.3854299E+000   9.8628604E-003          0
  -9.9996161E+001   6.5731800E-003   3.3126617E-005   1.1172160E-001   5.1271647E-004   2.4939403E+000   1.0359435E-002          0
  -9.8996170E+001   7.0589572E-003   3.5863109E-005   1.1853437E-001   5.4718998E-004   2.6090268E+000   1.0889156E-002          0
  -9.7996178E+001   7.5854163E-003   3.8866106E-005   1.2585295E-001   5.8453088E-004   2.7311756E+000   1.1454761E-002          0
  -9.6996186E+001   8.1562860E-003   4.2165333E-005   1.3371987E-001   6.2502024E-004   2.8609134E+000   1.2059257E-002          0
  -9.5996195E+001   8.7756897E-003   4.5794254E-005   1.4218156E-001   6.6897068E-004   2.9988113E+000   1.2705945E-002          0
  -9.4996203E+001   9.4482077E-003   4.9790588E-005   1.5128880E-001   7.1673038E-004   3.1454892E+000   1.3398456E-002          0
  -9.3996211E+001   1.0178954E-002   5.4196920E-005   1.6109722E-001   7.6868761E-004   3.3016200E+000   1.4140792E-002          0
  -9.2996220E+001   1.0973677E-002   5.9061408E-005   1.7166785E-001   8.2527595E-004   3.4679350E+000   1.4937362E-002          0
  -9.1996228E+001   1.1838881E-002   6.4438596E-005   1.8306787E-001   8.8698024E-004   3.6452292E+000   1.5793035E-002          0
  -9.0996236E+001   1.2781993E-002   7.0390375E-005   1.9537137E-001   9.5434348E-004   3.8343687E+000   1.6713193E-002          0
  -8.9996245E+001   1.3811552E-002   7.6987099E-005   2.0866044E-001   1.0279747E-003   4.0362971E+000   1.7703794E-002          0
  -8.8996253E+001   1.4937448E-002   8.4308899E-005   2.2302634E-001   1.1085579E-003   4.2520449E+000   1.8771441E-002          0
  -8.7996261E+001   1.6171175E-002   9.2447233E-005   2.3857100E-001   1.1968630E-003   4.4827388E+000   1.9923464E-002          0
  -8.6996270E+001   1.7526035E-002   1.0150671E-004   2.5540877E-001   1.2937577E-003   4.7296137E+000   2.1168009E-002          0
  -8.5996278E+001   1.9017151E-002   1.1160729E-004   2.7366818E-001   1.4002216E-003   4.9940257E+000   2.2514145E-002          0
  -8.4996287E+001   2.0660891E-002   1.2288686E-004   2.9349363E-001   1.5173631E-003   5.2774673E+000   2.3971986E-002          0
  -8.3996295E+001   2.2472823E-002   1.3550437E-004   3.1504575E-001   1.6464389E-003   5.5815834E+000   2.5552822E-002          0
  -8.2996303E+001   2.4462151E-002   1.4964366E-004   3.3849827E-001   1.7888764E-003   5.9081869E+000   2.7269287E-002          0
  -8.1996312E+001   2.6617779E-002   1.6551804E-004   3.6402573E-001   1.9463016E-003   6.2592663E+000   2.9135538E-002          0
  -8.0996320E+001   2.8874551E-002   1.8337603E-004   3.9176875E-001   2.1205704E-003   6.6369723E+000   3.1167468E-002          0
  -7.9996328E+001   3.1031835E-002   2.0350840E-004   4.2174524E-001   2.3138080E-003   7.0435459E+000   3.3382961E-002          0
  -7.8996337E+001   3.2556841E-002   2.2625708E-004   4.5363097E-001   2.5284550E-003   7.4811027E+000   3.5802177E-002          0
  -7.7996345E+001   3.2114590E-002   2.5202626E-004   4.8622613E-001   2.7673241E-003   7.9510631E+000   3.8447897E-002          0
  -7.6996353E+001   2.6518015E-002   2.8129660E-004   5.1619206E-001   3.0336690E-003   8.4527325E+000   4.1345930E-002          0
  -7.5996362E+001   8.9211914E-003   3.1464411E-004   5.3534092E-001   3.3312700E-003   8.9799626E+000   4.4525594E-002          0
  -7.4996370E+001  -3.1687171E-002   3.5276805E-004   5.2634340E-001   3.6645419E-003   9.5142045E+000   4.8020294E-002          0
  -7.3996378E+001  -1.0227183E-001   3.9653131E-004   4.6164038E-001   4.0386771E-003   1.0014071E+001   5.1868225E-002          0
  -7.2996387E+001  -1.9089158E-001   4.4699348E-004   3.1557357E-001   4.4598281E-003   1.0410024E+001   5.6113237E-002          0
  -7.1996395E+001  -2.7520491E-001   5.0540988E-004   8.1628781E-002   4.9353053E-003   1.0615657E+001   6.0805896E-002          0
  -7.0996403E+001  -3.4949597E-001   5.7324858E-004  -2.3122092E-001   5.4737760E-003   1.0547074E+001   6.6004741E-002          0
  -6.9996412E+001  -4.2312308E-001   6.5228906E-004  -6.1729280E-001   6.0855203E-003   1.0128966E+001   7.1777754E-002          0
  -6.8996420E+001  -4.9710923E-001   7.4481135E-004  -1.0779171E+000   6.7828256E-003   9.2875177E+000   7.8204164E-002          0
  -6.7996428E+001  -5.5374735E-001   8.5395617E-004  -1.6057746E+000   7.5806524E-003   7.9503869E+000   8.5376748E-002          0
  -6.6996437E+001  -5.7176578E-001   9.8419893E-004  -2.1722721E+000   8.4977325E-003   6.0628825E+000   9.3405020E-002          0
  -6.5996445E+001  -5.4507002E-001   1.1417284E-003  -2.7341026E+000   9.5581007E-003   3.6074924E+000   1.0241973E-001          0
  -6.4996453E+001  -4.8655774E-001   1.3348148E-003  -3.2516299E+000   1.0792987E-002   6.0979834E-001   1.1257910E-001          0
  -6.3996462E+001  -4.1787680E-001   1.5743640E-003  -3.7040514E+000   1.2243145E-002  -2.8737310E+000   1.2407711E-001          0
  -6.2996470E+001  -3.4729767E-001   1.8750776E-003  -4.0871024E+000   1.3961998E-002  -6.7751705E+000   1.3715452E-001          0
  -6.1996478E+001  -2.6210749E-001   2.2573709E-003  -4.3938539E+000   1.6020354E-002  -1.1022733E+001   1.5211371E-001          0
  -6.0996487E+001  -1.4455979E-001   2.7489969E-003  -4.6002551E+000   1.8513047E-002  -1.5529539E+001   1.6933930E-001          0
  -5.9996495E+001   8.5725595E-003   3.3830951E-003  -4.6709049E+000   2.1565847E-002  -2.0177827E+001   1.8932571E-001          0
  -5.8996503E+001   1.8778128E-001   4.1828181E-003  -4.5744479E+000   2.5335098E-002  -2.4815403E+001   2.1270929E-001          0
  -5.7996512E+001   3.8236713E-001   5.1056740E-003  -4.2902063E+000   2.9975034E-002  -2.9263917E+001   2.4028700E-001          0
  -5.6996520E+001   5.7937498E-001   5.9148088E-003  -3.8087490E+000   3.5513635E-002  -3.3329775E+001   2.7296393E-001          0
  -5.5996529E+001   7.5700809E-001   6.1141617E-003  -3.1378556E+000   4.1599593E-002  -3.6817829E+001   3.1150435E-001          0
  -5.4996537E+001   8.9162585E-001   5.3676340E-003  -2.3093679E+000   4.7414859E-002  -3.9552640E+001   3.5607267E-001          0
  -5.3996545E+001   9.7539589E-001   3.9395207E-003  -1.3718173E+000   5.2106071E-002  -4.1400213E+001   4.0595142E-001          0
  -5.2996554E+001   1.0156675E+000   2.2412492E-003  -3.7307540E-001   5.5209254E-002  -4.2276010E+001   4.5975037E-001          0
  -5.1996562E+001   1.0205866E+000   4.0525600E-004   6.4783439E-001   5.6545497E-002  -4.2139042E+001   5.1578036E-001          0
  -5.0996570E+001   9.9093903E-001  -1.6394872E-003   1.6566852E+000   5.5950175E-002  -4.0984320E+001   5.7219830E-001          0
  -4.9996579E+001   9.1925438E-001  -3.9411377E-003   2.6157481E+000   5.3176143E-002  -3.8842135E+001   6.2695319E-001          0
  -4.8996587E+001   7.9569930E-001  -6.2189269E-003   3.4777015E+000   4.8067600E-002  -3.5785128E+001   6.7776363E-001          0
  -4.7996595E+001   6.2273479E-001  -7.7967397E-003   4.1903233E+000   4.0976823E-002  -3.1936757E+001   7.2241647E-001          0
  -4.6996604E+001   4.2123512E-001  -8.2956903E-003   4.7136634E+000   3.2846530E-002  -2.7468019E+001   7.5937029E-001          0
  -4.5996612E+001   2.1263140E-001  -8.0091351E-003   5.0306548E+000   2.4647679E-002  -2.2578509E+001   7.8809338E-001          0
  -4.4996620E+001   5.2942595E-003  -7.3411804E-003   5.1394735E+000   1.6951033E-002  -1.7476205E+001   8.0883679E-001          0
  -4.3996629E+001  -2.0150558E-001  -6.4458081E-003   5.0414297E+000   1.0038108E-002  -1.2368559E+001   8.2225661E-001          0
  -4.2996637E+001  -4.0912170E-001  -5.2604279E-003   4.7360875E+000   4.1551874E-003  -7.4625329E+000   8.2925411E-001          0
  -4.1996645E+001  -6.1126651E-001  -3.6993353E-003   4.2247975E+000  -3.5219037E-004  -2.9652880E+000   8.3102522E-001          0
  -4.0996654E+001  -7.8898726E-001  -2.0030521E-003   3.5216344E+000  -3.1910991E-003   9.2268254E-001   8.2911318E-001          0
  -3.9996662E+001  -9.2075749E-001  -7.4484036E-004   2.6624441E+000  -4.5108256E-003   4.0256827E+000   8.2515734E-001          0
  -3.8996670E+001  -1.0009053E+000  -1.8162724E-004   1.6975699E+000  -4.9198847E-003   6.2123647E+000   8.2039460E-001          0
  -3.7996679E+001  -1.0377958E+000  -1.3943472E-004   6.7503620E-001  -5.0473036E-003   7.4017340E+000   8.1540758E-001          0
  -3.6996687E+001  -1.0394874E+000  -3.9518855E-004  -3.6639318E-001  -5.2964867E-003   7.5561952E+000   8.1025707E-001          0
  -3.5996695E+001  -1.0062925E+000  -8.1435469E-004  -1.3924184E+000  -5.8915305E-003   6.6740294E+000   8.0469810E-001          0
  -3.4996704E+001  -9.3037928E-001  -1.3050101E-003  -2.3647757E+000  -6.9494966E-003   4.7891085E+000   7.9831852E-001          0
  -3.3996712E+001  -8.0232761E-001  -1.7608840E-003  -3.2355740E+000  -8.4898068E-003   1.9782763E+000   7.9063675E-001          0
  -3.2996720E+001  -6.2598920E-001  -2.1067108E-003  -3.9529945E+000  -1.0431999E-002  -1.6306490E+000   7.8120485E-001          0
  -3.1996729E+001  -4.2291625E-001  -2.4048667E-003  -4.4786737E+000  -1.2686180E-002  -5.8633624E+000   7.6967081E-001          0
  -3.0996737E+001  -2.1372041E-001  -2.7913332E-003  -4.7970125E+000  -1.5272043E-002  -1.0518608E+001   7.5572398E-001          0
  -2.9996745E+001  -5.8697197E-003  -3.3625070E-003  -4.9066778E+000  -1.8331134E-002  -1.5387737E+001   7.3897015E-001          0
  -2.8996754E+001   2.0166030E-001  -4.1522417E-003  -4.8088590E+000  -2.2071089E-002  -2.0262763E+001   7.1883509E-001          0
  -2.7996762E+001   4.0995213E-001  -5.0824110E-003  -4.5029916E+000  -2.6685985E-002  -2.4936014E+001   6.9453455E-001          0
  -2.6996771E+001   6.1190329E-001  -5.8125589E-003  -3.9908526E+000  -3.2175276E-002  -2.9199723E+001   6.6516445E-001          0
  -2.5996779E+001   7.8779635E-001  -5.7193007E-003  -3.2878349E+000  -3.8031997E-002  -3.2853671E+001   6.3005263E-001          0
  -2.4996787E+001   9.1668079E-001  -4.4907077E-003  -2.4312474E+000  -4.3221429E-002  -3.5723937E+001   5.8932489E-001          0
  -2.3996796E+001   9.9419079E-001  -2.5351360E-003  -1.4718220E+000  -4.6771176E-002  -3.7681928E+001   5.4416617E-001          0
  -2.2996804E+001   1.0291203E+000  -3.4887649E-004  -4.5703271E-001  -4.8220696E-002  -3.8649260E+001   4.9648818E-001          0
  -2.1996812E+001   1.0292431E+000   1.8817621E-003   5.7492050E-001  -4.7456069E-002  -3.8590326E+001   4.4846421E-001          0
  -2.0996821E+001   9.9454069E-001   4.1117167E-003   1.5899491E+000  -4.4455515E-002  -3.7505007E+001   4.0232271E-001          0
  -1.9996829E+001   9.1722151E-001   6.1565643E-003   2.5498218E+000  -3.9288519E-002  -3.5428683E+001   3.6028082E-001          0
  -1.8996837E+001   7.8855153E-001   7.5263888E-003   3.4070495E+000  -3.2367504E-002  -3.2439541E+001   3.2433997E-001          0
  -1.7996846E+001   6.1304547E-001   7.8293773E-003   4.1109960E+000  -2.4605505E-002  -2.8665947E+001   2.9582774E-001          0
  -1.6996854E+001   4.1174647E-001   7.4015632E-003   4.6245811E+000  -1.6957006E-002  -2.4281427E+001   2.7508176E-001          0
  -1.5996862E+001   2.0435455E-001   6.8920318E-003   4.9326730E+000  -9.8236886E-003  -1.9485550E+001   2.6173426E-001          0
  -1.4996871E+001  -2.0294640E-003   6.6692601E-003   5.0337365E+000  -3.0737698E-003  -1.4485185E+001   2.5530419E-001          0
  -1.3996879E+001  -2.0842615E-001   6.8263900E-003   4.9286096E+000   3.6434377E-003  -9.4868494E+000   2.5557588E-001          0
  -1.2996887E+001  -4.1583053E-001   7.2674037E-003   4.6164372E+000   1.0677246E-002  -4.6970749E+000   2.6269914E-001          0
  -1.1996896E+001  -6.1706758E-001   7.6200572E-003   4.0987892E+000   1.8154714E-002  -3.2273592E-001   2.7708617E-001          0
  -1.0996904E+001  -7.9237584E-001   7.2329479E-003   3.3909092E+000   2.5666016E-002   3.4366686E+000   2.9902931E-001          0
  -9.9969124E+000  -9.2077713E-001   5.7723772E-003   2.5299912E+000   3.2248680E-002   6.4078022E+000   3.2810712E-001          0
  -8.9969207E+000  -9.9788145E-001   3.6306491E-003   1.5666779E+000   3.6983719E-002   8.4625582E+000   3.6290133E-001          0
  -7.9969291E+000  -1.0324622E+000   1.2926994E-003   5.4837633E-001   3.9450399E-002   9.5229597E+000   4.0131316E-001          0
  -6.9969374E+000  -1.0322789E+000  -1.0632348E-003  -4.8676261E-001   3.9565011E-002   9.5537511E+000   4.4101697E-001          0
  -5.9969458E+000  -9.9730356E-001  -3.3980097E-003  -1.5046881E+000   3.7329065E-002   8.5551179E+000   4.7965852E-001          0
  -4.9969541E+000  -9.1973716E-001  -5.5316695E-003  -2.4671982E+000   3.2830184E-002   6.5627142E+000   5.1491547E-001          0
  -3.9969624E+000  -7.9083704E-001  -6.9776297E-003  -3.3268254E+000   2.6495042E-002   3.6549770E+000   5.4469732E-001          0
  -2.9969708E+000  -6.1510792E-001  -7.3463228E-003  -4.0329457E+000   1.9248146E-002  -3.9499510E-002   5.6760015E-001          0
  -1.9969791E+000  -4.1358719E-001  -6.9753019E-003  -4.5484822E+000   1.2053615E-002  -4.3469636E+000   5.8322054E-001          0
  -9.9698748E-001  -2.0597561E-001  -6.5149745E-003  -4.8583048E+000   5.3213729E-003  -9.0676260E+000   5.9186932E-001          0
   3.0041725E-003   6.2351552E-004  -6.3350010E-003  -4.9608813E+000  -1.0733810E-003  -1.3994399E+001   5.9397826E-001          0
   1.0029958E+000   2.0722936E-001  -6.5294971E-003  -4.8570552E+000  -7.4754329E-003  -1.8920547E+001   5.8972014E-001          0
   2.0029875E+000   4.1483676E-001  -7.0032290E-003  -4.5459776E+000  -1.4229069E-002  -2.3639332E+001   5.7890773E-001          0
   3.0029791E+000   6.1627088E-001  -7.3846046E-003  -4.0292243E+000  -2.1457033E-002  -2.7943676E+001   5.6109605E-001          0
   4.0029708E+000   7.9176936E-001  -7.0227968E-003  -3.3220451E+000  -2.8745798E-002  -3.1633882E+001   5.3596400E-001          0
   5.0029624E+000   9.2035164E-001  -5.5846312E-003  -2.4616423E+000  -3.5129735E-002  -3.4536425E+001   5.0390766E-001          0
   6.0029541E+000   9.9762724E-001  -3.4629146E-003  -1.4986681E+000  -3.9687215E-002  -3.6523017E+001   4.6632287E-001          0
   7.0029458E+000   1.0323724E+000  -1.1430316E-003  -4.8053818E-001  -4.1995341E-002  -3.7515508E+001   4.2528835E-001          0
   8.0029374E+000   1.0323507E+000   1.1964220E-003   5.5459180E-001  -4.1968646E-002  -3.7478480E+001   3.8311164E-001          0
   9.0029291E+000   9.9753797E-001   3.5160068E-003   1.5726701E+000  -3.9607205E-002  -3.6411955E+001   3.4213050E-001          0
   1.0002921E+001   9.2013926E-001   5.6355142E-003   2.5354979E+000  -3.4997482E-002  -3.4351425E+001   3.0465202E-001          0
   1.1002912E+001   7.9141445E-001   7.0681525E-003   3.3956143E+000  -2.8565218E-002  -3.1375159E+001   2.7275256E-001          0
   1.2002904E+001   6.1586739E-001   7.4241829E-003   4.1024025E+000  -2.1234180E-002  -2.7611576E+001   2.4782270E-001          0
   1.3002896E+001   4.1453269E-001   7.0410350E-003   4.6187913E+000  -1.3967894E-002  -2.3234245E+001   2.3025318E-001          0
   1.4002887E+001   2.0710979E-001   6.5690310E-003   4.9296534E+000  -7.1757914E-003  -1.8442770E+001   2.1972103E-001          0
   1.5002879E+001   7.0177115E-004   6.3777265E-003   5.0334595E+000  -7.3267087E-004  -1.3444050E+001   2.1578282E-001          0
   1.6002871E+001  -2.0571127E-001   6.5611250E-003   4.9310550E+000   5.7065419E-003  -8.4446296E+000   2.1825441E-001          0
   1.7002862E+001  -4.1312618E-001   7.0239156E-003   4.6215918E+000   1.2486323E-002  -3.6510543E+000   2.2731193E-001          0
   1.8002854E+001  -6.1437133E-001   7.3944739E-003   4.1066440E+000   1.9729557E-002   7.2979005E-001   2.4338941E-001          0
   1.9002846E+001  -7.8968584E-001   7.0218598E-003   3.4014567E+000   2.7022799E-002   4.4983962E+000   2.6679714E-001          0
   2.0002837E+001  -9.1808460E-001   5.5725452E-003   2.5432289E+000   3.3400271E-002   7.4814221E+000   2.9712819E-001          0
   2.1002829E+001  -9.9516932E-001   3.4389637E-003   1.5826162E+000   3.7939803E-002   9.5507644E+000   3.3297555E-001          0
   2.2002821E+001  -1.0297109E+000   1.1062863E-003   5.6704481E-001   4.0217666E-002   1.0628466E+001   3.7224861E-001          0
   2.3002812E+001  -1.0294699E+000  -1.2470920E-003  -4.6531548E-001   4.0147369E-002   1.0679310E+001   4.1262701E-001          0
   2.4002804E+001  -9.9441946E-001  -3.5820334E-003  -1.4803959E+000   3.7727716E-002   9.7035401E+000   4.5175907E-001          0
   2.5002796E+001  -9.1675993E-001  -5.7187637E-003  -2.4399769E+000   3.3043531E-002   7.7368852E+000   4.8732227E-001          0
   2.6002787E+001  -7.8774580E-001  -7.1709706E-003  -3.2965719E+000   2.6518445E-002   4.8578756E+000   5.1722302E-001          0
   2.7002779E+001  -6.1187972E-001  -7.5492163E-003  -3.9995342E+000   1.9073712E-002   1.1952200E+000   5.4005114E-001          0
   2.8002771E+001  -4.1020326E-001  -7.1911840E-003  -4.5117660E+000   1.1670096E-002  -3.0771935E+000   5.5539363E-001          0
   2.9002762E+001  -2.0242470E-001  -6.7477428E-003  -4.8181218E+000   4.7138814E-003  -7.7594206E+000   5.6354832E-001          0
   3.0002754E+001   4.3476094E-003  -6.5892318E-003  -4.9170613E+000  -1.9239573E-003  -1.2644206E+001   5.6493002E-001          0
   3.1002745E+001   2.1113043E-001  -6.8105576E-003  -4.8094229E+000  -8.5931687E-003  -1.7524644E+001   5.5968999E-001          0
   3.2002737E+001   4.1891714E-001  -7.3174267E-003  -4.4943547E+000  -1.5643861E-002  -2.2193817E+001   5.4761409E-001          0
   3.3002729E+001   6.2053327E-001  -7.7393982E-003  -3.9734304E+000  -2.3205642E-002  -2.6444468E+001   5.2822410E-001          0
   3.4002720E+001   7.9621991E-001  -7.4270440E-003  -3.2618956E+000  -3.0873119E-002  -3.0076718E+001   5.0115822E-001          0
   3.5002712E+001   9.2500051E-001  -6.0489785E-003  -2.3969440E+000  -3.7690369E-002  -3.2916854E+001   4.6676293E-001          0
   3.6002704E+001   1.0024866E+000  -4.0005994E-003  -1.4292168E+000  -4.2747621E-002  -3.4836389E+001   4.2637376E-001          0
   3.7002695E+001   1.0374558E+000  -1.7709314E-003  -4.0611668E-001  -4.5636945E-002  -3.5756964E+001   3.8199577E-001          0
   3.8002687E+001   1.0376723E+000   4.5656288E-004   6.3421455E-001  -4.6292066E-002  -3.5642934E+001   3.3584592E-001          0
   3.9002679E+001   1.0031123E+000   2.6358308E-003   1.6577396E+000  -4.4737933E-002  -3.4494085E+001   2.9014943E-001          0
   4.0002670E+001   9.2597866E-001   4.5774537E-003   2.6262734E+000  -4.1093709E-002  -3.2345655E+001   2.4707235E-001          0
   4.1002662E+001   7.9751893E-001   5.7816024E-003   3.4923628E+000  -3.5828841E-002  -2.9275650E+001   2.0851206E-001          0
   4.2002654E+001   6.2220105E-001   5.8400954E-003   4.2053752E+000  -2.9926405E-002  -2.5412226E+001   1.7562913E-001          0
   4.3002645E+001   4.2100002E-001   5.0649435E-003   4.7281753E+000  -2.4431037E-002  -2.0928728E+001   1.4851468E-001          0
   4.4002637E+001   2.1353959E-001   4.0730379E-003   5.0455040E+000  -1.9862698E-002  -1.6024634E+001   1.2645093E-001          0
   4.5002629E+001   6.8240260E-003   3.1957352E-003   5.1556135E+000  -1.6243247E-002  -1.0906887E+001   1.0847130E-001          0
   4.6002620E+001  -2.0028082E-001   2.5061033E-003   5.0590212E+000  -1.3407685E-002  -5.7823498E+000   9.3703459E-002          0
   4.7002612E+001  -4.0878656E-001   1.9828984E-003   4.7544679E+000  -1.1175486E-002  -8.5826276E-001   8.1455581E-002          0
   4.8002604E+001  -6.1108284E-001   1.5877977E-003   4.2432885E+000  -9.3993196E-003   3.6574273E+000   7.1201189E-002          0
   4.9002595E+001  -7.8630640E-001   1.2872075E-003   3.5412972E+000  -7.9685316E-003   7.5642655E+000   6.2542383E-002          0
   5.0002587E+001  -9.1286801E-001   1.0555685E-003   2.6872428E+000  -6.8020411E-003   1.0689067E+001   5.5176461E-002          0
   5.1002579E+001  -9.8718433E-001   8.7437332E-004   1.7331974E+000  -5.8406734E-003   1.2905475E+001   4.8870254E-002          0
   5.2002570E+001  -1.0189006E+000   7.3055643E-004   7.2703509E-001  -5.0409021E-003   1.4138225E+001   4.3441496E-002          0
   5.3002562E+001  -1.0159857E+000   6.1489509E-004  -2.9316725E-001  -4.3702227E-003   1.4354914E+001   3.8745611E-002          0
   5.4002554E+001  -9.7838927E-001   5.2076307E-004  -1.2934756E+000  -3.8039696E-003   1.3558464E+001   3.4666392E-002          0
   5.5002545E+001  -8.9864964E-001   4.4330391E-004  -2.2359088E+000  -3.3231647E-003   1.1787128E+001   3.1109310E-002          0
   5.6002537E+001  -7.6923479E-001   3.7892924E-004  -3.0739832E+000  -2.9130213E-003   9.1214139E+000   2.7996607E-002          0
   5.7002529E+001  -5.9620833E-001   3.2503174E-004  -3.7595425E+000  -2.5618306E-003   5.6902811E+000   2.5263695E-002          0
   5.8002520E+001  -4.0158267E-001   2.7973044E-004  -4.2592234E+000  -2.2601035E-003   1.6647181E+000   2.2856523E-002          0
   5.9002512E+001  -2.0726679E-001   2.4157341E-004  -4.5629661E+000  -1.9999960E-003  -2.7625410E+000   2.0729671E-002          0
   6.0002503E+001  -2.6681386E-002   2.0935579E-004  -4.6783577E+000  -1.7749835E-003  -7.3982180E+000   1.8844882E-002          0
   6.1002495E+001   1.2952429E-001   1.8206227E-004  -4.6244148E+000  -1.5796488E-003  -1.2062570E+001   1.7169854E-002          0
   6.2002487E+001   2.5114000E-001   1.5883701E-004  -4.4310111E+000  -1.4095079E-003  -1.6600370E+001   1.5677223E-002          0
   6.3002478E+001   3.3915183E-001   1.3896834E-004  -4.1336337E+000  -1.2608607E-003  -2.0890010E+001   1.4343706E-002          0
   6.4002470E+001   4.1026400E-001   1.2189404E-004  -3.7583121E+000  -1.1306441E-003  -2.4841891E+001   1.3149386E-002          0
   6.5002462E+001   4.7897074E-001   1.0718631E-004  -3.3135731E+000  -1.0162870E-003  -2.8383528E+001   1.2077155E-002          0
   6.6002453E+001   5.3970524E-001   9.4502374E-005  -2.8027631E+000  -9.1559902E-004  -3.1446708E+001   1.1112277E-002          0
   6.7002445E+001   5.7124800E-001   8.3535024E-005  -2.2440306E+000  -8.2671188E-004  -3.3972708E+001   1.0242043E-002          0
   6.8002437E+001   5.5871673E-001   7.4000839E-005  -1.6752550E+000  -7.4805322E-004  -3.5931289E+001   9.4554616E-003          0
   6.9002428E+001   5.0580468E-001   6.5656349E-005  -1.1403378E+000  -6.7831565E-004  -3.7334677E+001   8.7429785E-003          0
   7.0002420E+001   4.3264231E-001   5.8311548E-005  -6.7040236E-001  -6.1640920E-004  -3.8233962E+001   8.0962335E-003          0
   7.1002412E+001   3.5859877E-001   5.1830056E-005  -2.7502653E-001  -5.6140624E-004  -3.8700495E+001   7.5078708E-003          0
   7.2002403E+001   2.8491225E-001   4.6110974E-005   4.7107147E-002  -5.1249603E-004  -3.8808292E+001   6.9714007E-003          0
   7.3002395E+001   2.0197676E-001   4.1070957E-005   2.9149059E-001  -4.6895883E-004  -3.8632071E+001   6.4810974E-003          0
   7.4002387E+001   1.1277636E-001   3.6634857E-005   4.4859955E-001  -4.3015349E-004  -3.8254629E+001   6.0319147E-003          0
   7.5002378E+001   3.8860106E-002   3.2728931E-005   5.2228653E-001  -3.9551302E-004  -3.7763040E+001   5.6194103E-003          0
   7.6002370E+001  -5.3383412E-003   2.9281861E-005   5.3658562E-001  -3.6454337E-004  -3.7229905E+001   5.2396726E-003          0
   7.7002362E+001  -2.5134462E-002   2.6231480E-005   5.1979667E-001  -3.3681772E-004  -3.6700065E+001   4.8892491E-003          0
   7.8002353E+001  -3.1754494E-002   2.3526566E-005   4.9063024E-001  -3.1196581E-004  -3.6194306E+001   4.5650855E-003          0
   7.9002345E+001  -3.2614478E-002   2.1124322E-005   4.5815347E-001  -2.8966417E-004  -3.5719848E+001   4.2644732E-003          0
   8.0002337E+001  -3.1243475E-002   1.8988124E-005   4.2611944E-001  -2.6962890E-004  -3.5277830E+001   3.9850070E-003          0
   8.1002328E+001  -2.9132034E-002   1.7086247E-005   3.9590290E-001  -2.5161019E-004  -3.4866998E+001   3.7245481E-003          0
   8.2002320E+001  -2.6878318E-002   1.5391062E-005   3.6789876E-001  -2.3538785E-004  -3.4485288E+001   3.4811924E-003          0
   8.3002312E+001  -2.4709881E-002   1.3878441E-005   3.4211644E-001  -2.2076751E-004  -3.4130464E+001   3.2532427E-003          0
   8.4002303E+001  -2.2702854E-002   1.2527276E-005   3.1842487E-001  -2.0757741E-004  -3.3800364E+001   3.0391846E-003          0
   8.5002295E+001  -2.0872688E-002   1.1319061E-005   2.9665189E-001  -1.9566555E-004  -3.3492981E+001   2.8376655E-003          0
   8.6002287E+001  -1.9211784E-002   1.0237558E-005   2.7662334E-001  -1.8489727E-004  -3.3206484E+001   2.6474758E-003          0
   8.7002278E+001  -1.7705038E-002   9.2684914E-006   2.5817724E-001  -1.7515315E-004  -3.2939211E+001   2.4675328E-003          0
   8.8002270E+001  -1.6336102E-002   8.3993035E-006   2.4116764E-001  -1.6632717E-004  -3.2689655E+001   2.2968665E-003          0
   8.9002261E+001  -1.5089716E-002   7.6189289E-006   2.2546449E-001  -1.5832510E-004  -3.2456445E+001   2.1346068E-003          0
   9.0002253E+001  -1.3952401E-002   6.9176095E-006   2.1095213E-001  -1.5106310E-004  -3.2238333E+001   1.9799724E-003          0
   9.1002245E+001  -1.2912497E-002   6.2867306E-006   1.9752747E-001  -1.4446653E-004  -3.2034182E+001   1.8322614E-003          0
   9.2002236E+001  -1.1959970E-002   5.7186795E-006   1.8509825E-001  -1.3846882E-004  -3.1842950E+001   1.6908422E-003          0
   9.3002228E+001  -1.1086158E-002   5.2067189E-006   1.7358151E-001  -1.3301058E-004  -3.1663684E+001   1.5551463E-003          0
   9.4002220E+001  -1.0283540E-002   4.7448876E-006   1.6290240E-001  -1.2803877E-004  -3.1495510E+001   1.4246612E-003          0
   9.5002211E+001  -9.5455304E-003   4.3278940E-006   1.5299308E-001  -1.2350595E-004  -3.1337626E+001   1.2989247E-003          0
   9.6002203E+001  -8.8663150E-003   3.9510490E-006   1.4379191E-001  -1.1936968E-004  -3.1189291E+001   1.1775193E-003          0
   9.7002195E+001  -8.2407252E-003   3.6101845E-006   1.3524273E-001  -1.1559193E-004  -3.1049827E+001   1.0600679E-003          0
   9.8002186E+001  -7.6641344E-003   3.3015957E-006   1.2729427E-001  -1.1213861E-004  -3.0918607E+001   9.4622925E-004          0
   9.9002178E+001  -7.1323788E-003   3.0219850E-006   1.1989965E-001  -1.0897914E-004  -3.0795056E+001   8.3569459E-004          0
   1.0000217E+002  -6.6416949E-003   2.7684158E-006   1.1301594E-001  -1.0608602E-004  -3.0678640E+001   7.2818404E-004          0
   1.0100216E+002  -6.1886687E-003   2.5382691E-006   1.0660382E-001  -1.0343455E-004  -3.0568869E+001   6.2344381E-004          0
   1.0200215E+002  -5.7701947E-003   2.3292082E-006   1.0062719E-001  -1.0100250E-004  -3.0465289E+001   5.2124357E-004          0
   1.0300214E+002  -5.3834427E-003   2.1391460E-006   9.5052955E-002  -9.8769841E-005  -3.0367482E+001   4.2137407E-004          0
   1.0400214E+002  -5.0258285E-003   1.9662175E-006   8.9850689E-002  -9.6718532E-005  -3.0275061E+001   3.2364511E-004          0
   1.0500213E+002  -4.6949906E-003   1.8087505E-006   8.4992459E-002  -9.4832288E-005  -3.0187667E+001   2.2788362E-004          0
   1.0600212E+002  -4.3887686E-003   1.6652515E-006   8.0452584E-002  -9.3096407E-005  -3.0104971E+001   1.3393201E-004          0
   1.0700211E+002  -4.1051847E-003   1.5343792E-006   7.6207451E-002  -9.1497606E-005  -3.0026665E+001   4.1646683E-005          0
   1.0800210E+002  -3.8424278E-003   1.4149314E-006   7.2235343E-002  -9.0023868E-005  -2.9952466E+001  -4.9103343E-005          0
   1.0900209E+002  -3.5988386E-003   1.3058273E-006   6.8516273E-002  -8.8664320E-005  -2.9882112E+001  -1.3843760E-004          0
   1.1000209E+002  -3.3728964E-003   1.2060975E-006   6.5031845E-002  -8.7409112E-005  -2.9815357E+001  -2.2646527E-004          0
   1.1100208E+002  -3.1632072E-003   1.1148681E-006   6.1765120E-002  -8.6249313E-005  -2.9751976E+001  -3.1328616E-004          0
   1.1200207E+002  -2.9684931E-003   1.0313554E-006   5.8700493E-002  -8.5176823E-005  -2.9691760E+001  -3.9899155E-004          0
   1.1300206E+002  -2.7875818E-003   9.5484899E-007   5.5823584E-002  -8.4184285E-005  -2.9634514E+001  -4.8366502E-004          0
   1.1400205E+002  -2.6193983E-003   8.8471304E-007   5.3121135E-002  -8.3265018E-005  -2.9580056E+001  -5.6738313E-004          0
   1.1500204E+002  -2.4629563E-003   8.2037181E-007   5.0580918E-002  -8.2412943E-005  -2.9528218E+001  -6.5021606E-004          0
   1.1600204E+002  -2.3173507E-003   7.6130355E-007   4.8191652E-002  -8.1622531E-005  -2.9478845E+001  -7.3222819E-004          0
   1.1700203E+002  -2.1817507E-003   7.0703990E-007   4.5942921E-002  -8.0888748E-005  -2.9431789E+001  -8.1347863E-004          0
   1.1800202E+002  -2.0553936E-003   6.5715718E-007   4.3825107E-002  -8.0207003E-005  -2.9386916E+001  -8.9402167E-004          0
   1.1900201E+002  -1.9375790E-003   6.1126838E-007   4.1829322E-002  -7.9573114E-005  -2.9344099E+001  -9.7390724E-004          0
   1.2000200E+002  -1.8276633E-003   5.6902666E-007   3.9947349E-002  -7.8983262E-005  -2.9303220E+001  -1.0531812E-003          0
   1.2100199E+002  -1.7250553E-003   5.3011582E-007   3.8171590E-002  -7.8433960E-005  -2.9264169E+001  -1.1318860E-003          0
   1.2200199E+002  -1.6292114E-003   4.9425182E-007   3.6495013E-002  -7.7922023E-005  -2.9226844E+001  -1.2100603E-003          0
   1.2300198E+002  -1.5396317E-003   4.6117100E-007   3.4911107E-002  -7.7444538E-005  -2.9191149E+001  -1.2877402E-003          0
   1.2400197E+002  -1.4558564E-003   4.3064097E-007   3.3413841E-002  -7.6998839E-005  -2.9156994E+001  -1.3649587E-003          0
   1.2500196E+002  -1.3774623E-003   4.0244436E-007   3.1997626E-002  -7.6582486E-005  -2.9124295E+001  -1.4417464E-003          0
   1.2600195E+002  -1.3040598E-003   3.7638872E-007   3.0657276E-002  -7.6193243E-005  -2.9092974E+001  -1.5181314E-003          0
   1.2700194E+002  -1.2352901E-003   3.5229505E-007   2.9387984E-002  -7.5829061E-005  -2.9062957E+001  -1.5941399E-003          0
   1.2800194E+002  -1.1708224E-003   3.3000356E-007   2.8185283E-002  -7.5488058E-005  -2.9034176E+001  -1.6697960E-003          0
   1.2900193E+002  -1.1103519E-003   3.0936258E-007   2.7045027E-002  -7.5168510E-005  -2.9006566E+001  -1.7451219E-003          0
   1.3000192E+002  -1.0535975E-003   2.9024206E-007   2.5963359E-002  -7.4868831E-005  -2.8980067E+001  -1.8201384E-003          0
   1.3100191E+002  -1.0002996E-003   2.7251858E-007   2.4936697E-002  -7.4587565E-005  -2.8954622E+001  -1.8948645E-003          0
   1.3200190E+002  -9.5021869E-004   2.5607918E-007   2.3961705E-002  -7.4323371E-005  -2.8930177E+001  -1.9693180E-003          0
   1.3300189E+002  -9.0313359E-004   2.4081894E-007   2.3035277E-002  -7.4075018E-005  -2.8906683E+001  -2.0435153E-003          0
   1.3400189E+002  -8.5883980E-004   2.2665010E-007   2.2154523E-002  -7.3841373E-005  -2.8884092E+001  -2.1174717E-003          0
   1.3500188E+002  -8.1714827E-004   2.1348505E-007   2.1316745E-002  -7.3621387E-005  -2.8862360E+001  -2.1912013E-003          0
   1.3600187E+002  -7.7788412E-004   2.0124386E-007   2.0519431E-002  -7.3414099E-005  -2.8841445E+001  -2.2647174E-003          0
   1.3700186E+002  -7.4088548E-004   1.8985518E-007   1.9760235E-002  -7.3218619E-005  -2.8821308E+001  -2.3380322E-003          0
   1.3800185E+002  -7.0600246E-004   1.7925470E-007   1.9036967E-002  -7.3034129E-005  -2.8801913E+001  -2.4111571E-003          0
   1.3900184E+002  -6.7309618E-004   1.6938074E-007   1.8347583E-002  -7.2859871E-005  -2.8783223E+001  -2.4841027E-003          0
   1.4000184E+002  -6.4203792E-004   1.6017929E-007   1.7690170E-002  -7.2695146E-005  -2.8765207E+001  -2.5568788E-003          0
   1.4100183E+002  -6.1270825E-004   1.5159858E-007   1.7062942E-002  -7.2539308E-005  -2.8747833E+001  -2.6294947E-003          0
   1.4200182E+002  -5.8499639E-004   1.4359363E-007   1.6464225E-002  -7.2391759E-005  -2.8731072E+001  -2.7019590E-003          0
   1.4300181E+002  -5.5879944E-004   1.3611886E-007   1.5892454E-002  -7.2251947E-005  -2.8714896E+001  -2.7742796E-003          0
   1.4400180E+002  -5.3402183E-004   1.2913802E-007   1.5346162E-002  -7.2119359E-005  -2.8699279E+001  -2.8464641E-003          0
   1.4500179E+002  -5.1057475E-004   1.2261233E-007   1.4823976E-002  -7.1993521E-005  -2.8684196E+001  -2.9185194E-003          0
   1.4600179E+002  -4.8837557E-004   1.1650924E-007   1.4324605E-002  -7.1873995E-005  -2.8669624E+001  -2.9904520E-003          0
   1.4700178E+002  -4.6734743E-004   1.1080095E-007   1.3846842E-002  -7.1760373E-005  -2.8655540E+001  -3.0622681E-003          0
   1.4800177E+002  -4.4741879E-004   1.0545258E-007   1.3389552E-002  -7.1652276E-005  -2.8641924E+001  -3.1339734E-003          0
   1.4900176E+002  -4.2852300E-004   1.0044524E-007   1.2951668E-002  -7.1549355E-005  -2.8628755E+001  -3.2055732E-003          0
   1.5000175E+002  -4.1059795E-004   9.5749843E-008   1.2532189E-002  -7.1451283E-005  -2.8616014E+001  -3.2770725E-003          0
   1.5100174E+002  -3.9358574E-004   9.1345396E-008   1.2130175E-002  -7.1357760E-005  -2.8603685E+001  -3.3484761E-003          0
   1.5200174E+002  -3.7743233E-004   8.7213153E-008   1.1744738E-002  -7.1268503E-005  -2.8591749E+001  -3.4197883E-003          0
   1.5300173E+002  -3.6208731E-004   8.3333966E-008   1.1375047E-002  -7.1183251E-005  -2.8580190E+001  -3.4910133E-003          0
   1.5400172E+002  -3.4750360E-004   7.9690280E-008   1.1020316E-002  -7.1101758E-005  -2.8568994E+001  -3.5621549E-003          0
   1.5500171E+002  -3.3363721E-004   7.6261478E-008   1.0679806E-002  -7.1023801E-005  -2.8558145E+001  -3.6332168E-003          0
   1.5600170E+002  -3.2044701E-004   7.3038941E-008   1.0352822E-002  -7.0949167E-005  -2.8547630E+001  -3.7042024E-003          0
   1.5700169E+002  -3.0789454E-004   7.0003912E-008   1.0038705E-002  -7.0877662E-005  -2.8537435E+001  -3.7751150E-003          0
   1.5800169E+002  -2.9594381E-004   6.7148262E-008   9.7368373E-003  -7.0809101E-005  -2.8527548E+001  -3.8459575E-003          0
   1.5900168E+002  -2.8456115E-004   6.4455235E-008   9.4466332E-003  -7.0743312E-005  -2.8517958E+001  -3.9167329E-003          0
   1.6000167E+002  -2.7371498E-004   6.1916459E-008   9.1675410E-003  -7.0680140E-005  -2.8508652E+001  -3.9874438E-003          0
   1.6100166E+002  -2.6337575E-004   5.9522609E-008   8.8990389E-003  -7.0619432E-005  -2.8499619E+001  -4.0580928E-003          0
   1.6200165E+002  -2.5351572E-004   5.7262396E-008   8.6406342E-003  -7.0561051E-005  -2.8490850E+001  -4.1286823E-003          0
   1.6300164E+002  -2.4410890E-004   5.5127564E-008   8.3918606E-003  -7.0504867E-005  -2.8482335E+001  -4.1992145E-003          0
   1.6400164E+002  -2.3513088E-004   5.3109617E-008   8.1522775E-003  -7.0450758E-005  -2.8474064E+001  -4.2696915E-003          0
   1.6500163E+002  -2.2655875E-004   5.1203192E-008   7.9214675E-003  -7.0398611E-005  -2.8466028E+001  -4.3401155E-003          0
   1.6600162E+002  -2.1837099E-004   4.9398207E-008   7.6990357E-003  -7.0348319E-005  -2.8458218E+001  -4.4104882E-003          0
   1.6700161E+002  -2.1054737E-004   4.7689275E-008   7.4846078E-003  -7.0299783E-005  -2.8450627E+001  -4.4808115E-003          0
   1.6800160E+002  -2.0306889E-004   4.6070697E-008   7.2778294E-003  -7.0252911E-005  -2.8443246E+001  -4.5510871E-003          0
   1.6900159E+002  -1.9591766E-004   4.4536359E-008   7.0783644E-003  -7.0207614E-005  -2.8436069E+001  -4.6213167E-003          0
   1.7000159E+002  -1.8907684E-004   4.3081260E-008   6.8858939E-003  -7.0163812E-005  -2.8429088E+001  -4.6915017E-003          0
   1.7100158E+002  -1.8253060E-004   4.1700695E-008   6.7001157E-003  -7.0121428E-005  -2.8422295E+001  -4.7616436E-003          0
   1.7200157E+002  -1.7626401E-004   4.0389633E-008   6.5207426E-003  -7.0080389E-005  -2.8415685E+001  -4.8317438E-003          0
   1.7300156E+002  -1.7026301E-004   3.9142469E-008   6.3475021E-003  -7.0040628E-005  -2.8409252E+001  -4.9018036E-003          0
   1.7400155E+002  -1.6451435E-004   3.7957963E-008   6.1801353E-003  -7.0002083E-005  -2.8402988E+001  -4.9718243E-003          0
   1.7500154E+002  -1.5900552E-004   3.6833376E-008   6.0183962E-003  -6.9964693E-005  -2.8396890E+001  -5.0418070E-003          0
   1.7600154E+002  -1.5372474E-004   3.5760174E-008   5.8620509E-003  -6.9928400E-005  -2.8390950E+001  -5.1117529E-003          0
   1.7700153E+002  -1.4866087E-004   3.4738381E-008   5.7108770E-003  -6.9893156E-005  -2.8385164E+001  -5.1816630E-003          0
   1.7800152E+002  -1.4380341E-004   3.3765822E-008   5.5646629E-003  -6.9858908E-005  -2.8379527E+001  -5.2515384E-003          0
   1.7900151E+002  -1.3914241E-004   3.2837117E-008   5.4232071E-003  -6.9825610E-005  -2.8374033E+001  -5.3213800E-003          0
   1.8000150E+002  -1.3466852E-004   3.1951475E-008   5.2863180E-003  -6.9793220E-005  -2.8368679E+001  -5.3911887E-003          0
   1.8100149E+002  -1.3037284E-004   3.1106572E-008   5.1538129E-003  -6.9761694E-005  -2.8363459E+001  -5.4609655E-003          0
   1.8200149E+002  -1.2624700E-004   3.0299164E-008   5.0255179E-003  -6.9730994E-005  -2.8358370E+001  -5.5307112E-003          0
   1.8300148E+002  -1.2228306E-004   2.9526508E-008   4.9012671E-003  -6.9701085E-005  -2.8353407E+001  -5.6004266E-003          0
   1.8400147E+002  -1.1847351E-004   2.8787430E-008   4.7809023E-003  -6.9671931E-005  -2.8348566E+001  -5.6701125E-003          0
   1.8500146E+002  -1.1481122E-004   2.8080862E-008   4.6642729E-003  -6.9643499E-005  -2.8343844E+001  -5.7397696E-003          0
   1.8600145E+002  -1.1128948E-004   2.7405133E-008   4.5512350E-003  -6.9615759E-005  -2.8339236E+001  -5.8093986E-003          0
   1.8700144E+002  -1.0790189E-004   2.6756049E-008   4.4416511E-003  -6.9588681E-005  -2.8334740E+001  -5.8790001E-003          0
   1.8800144E+002  -1.0464240E-004   2.6134604E-008   4.3353903E-003  -6.9562238E-005  -2.8330352E+001  -5.9485750E-003          0
   1.8900143E+002  -1.0150527E-004   2.5537460E-008   4.2323273E-003  -6.9536404E-005  -2.8326068E+001  -6.0181237E-003          0
   1.9000142E+002  -9.8485062E-005   2.4966066E-008   4.1323425E-003  -6.9511155E-005  -2.8321886E+001  -6.0876468E-003          0
   1.9100141E+002  -9.5576610E-005   2.4416576E-008   4.0353216E-003  -6.9486465E-005  -2.8317803E+001  -6.1571450E-003          0
   1.9200140E+002  -9.2775010E-005   2.3888932E-008   3.9411553E-003  -6.9462315E-005  -2.8313815E+001  -6.2266188E-003          0
   1.9300139E+002  -9.0075605E-005   2.3379314E-008   3.8497390E-003  -6.9438682E-005  -2.8309920E+001  -6.2960686E-003          0
   1.9400139E+002  -8.7473972E-005   2.2892662E-008   3.7609730E-003  -6.9415548E-005  -2.8306115E+001  -6.3654951E-003          0
   1.9500138E+002  -8.4965909E-005   2.2422403E-008   3.6747614E-003  -6.9392892E-005  -2.8302397E+001  -6.4348987E-003          0
   1.9600137E+002  -8.2547420E-005   2.1968521E-008   3.5910127E-003  -6.9370698E-005  -2.8298764E+001  -6.5042799E-003          0
   1.9700136E+002  -8.0214706E-005   2.1531920E-008   3.5096393E-003  -6.9348950E-005  -2.8295214E+001  -6.5736391E-003          0
   1.9800135E+002  -7.7964153E-005   2.1112837E-008   3.4305572E-003  -6.9327629E-005  -2.8291744E+001  -6.6429768E-003          0
   1.9900134E+002  -7.5792323E-005   2.0706646E-008   3.3536861E-003  -6.9306720E-005  -2.8288352E+001  -6.7122934E-003          0
   2.0000134E+002  -7.3695941E-005   2.0314765E-008   3.2789487E-003  -6.9286211E-005  -2.8285036E+001  -6.7815892E-003          0
   2.0100133E+002  -7.1671893E-005   1.9935714E-008   3.2062713E-003  -6.9266087E-005  -2.8281794E+001  -6.8508648E-003          0
   2.0200132E+002  -6.9717210E-005   1.9571109E-008   3.1355830E-003  -6.9246335E-005  -2.8278623E+001  -6.9201204E-003          0
   2.0300131E+002  -6.7829065E-005   1.9217700E-008   3.0668159E-003  -6.9226942E-005  -2.8275522E+001  -6.9893564E-003          0
   2.0400130E+002  -6.6004761E-005   1.8876158E-008   2.9999047E-003  -6.9207896E-005  -2.8272489E+001  -7.0585732E-003          0
   2.0500129E+002  -6.4241730E-005   1.8543884E-008   2.9347870E-003  -6.9189187E-005  -2.8269522E+001  -7.1277711E-003          0
   2.0600129E+002  -6.2537522E-005   1.8226105E-008   2.8714027E-003  -6.9170803E-005  -2.8266619E+001  -7.1969505E-003          0
   2.0700128E+002  -6.0889800E-005   1.7914316E-008   2.8096942E-003  -6.9152733E-005  -2.8263778E+001  -7.2661117E-003          0
   2.0800127E+002  -5.9296333E-005   1.7614647E-008   2.7496061E-003  -6.9134970E-005  -2.8260999E+001  -7.3352550E-003          0
   2.0900126E+002  -5.7754994E-005   1.7322652E-008   2.6910852E-003  -6.9117502E-005  -2.8258279E+001  -7.4043806E-003          0
   2.1000125E+002  -5.6263750E-005   1.7040086E-008   2.6340803E-003  -6.9100322E-005  -2.8255616E+001  -7.4734889E-003          0
   2.1100124E+002  -5.4820660E-005   1.6764602E-008   2.5785425E-003  -6.9083420E-005  -2.8253010E+001  -7.5425802E-003          0
   2.1200124E+002  -5.3423871E-005   1.6498047E-008   2.5244245E-003  -6.9066790E-005  -2.8250459E+001  -7.6116547E-003          0
   2.1300123E+002  -5.2071611E-005   1.6239987E-008   2.4716808E-003  -6.9050421E-005  -2.8247961E+001  -7.6807127E-003          0
   2.1400122E+002  -5.0762187E-005   1.5988791E-008   2.4202679E-003  -6.9034308E-005  -2.8245515E+001  -7.7497544E-003          0
   2.1500121E+002  -4.9493980E-005   1.5743858E-008   2.3701436E-003  -6.9018442E-005  -2.8243120E+001  -7.8187802E-003          0
   2.1600120E+002  -4.8265441E-005   1.5505230E-008   2.3212675E-003  -6.9002818E-005  -2.8240774E+001  -7.8877903E-003          0
   2.1700119E+002  -4.7075091E-005   1.5273505E-008   2.2736008E-003  -6.8987430E-005  -2.8238477E+001  -7.9567848E-003          0
   2.1800118E+002  -4.5921510E-005   1.5049157E-008   2.2271059E-003  -6.8972269E-005  -2.8236227E+001  -8.0257640E-003          0
   2.1900118E+002  -4.4803345E-005   1.4827771E-008   2.1817467E-003  -6.8957331E-005  -2.8234023E+001  -8.0947283E-003          0
   2.2000117E+002  -4.3719295E-005   1.4615136E-008   2.1374886E-003  -6.8942610E-005  -2.8231863E+001  -8.1636776E-003          0
   2.2100116E+002  -4.2668117E-005   1.4407314E-008   2.0942979E-003  -6.8928099E-005  -2.8229747E+001  -8.2326124E-003          0
   2.2200115E+002  -4.1648621E-005   1.4204114E-008   2.0521425E-003  -6.8913794E-005  -2.8227674E+001  -8.3015327E-003          0
   2.2300114E+002  -4.0659666E-005   1.4005811E-008   2.0109912E-003  -6.8899690E-005  -2.8225643E+001  -8.3704389E-003          0
   2.2400113E+002  -3.9700157E-005   1.3811652E-008   1.9708140E-003  -6.8885782E-005  -2.8223652E+001  -8.4393310E-003          0
   2.2500113E+002  -3.8769047E-005   1.3624783E-008   1.9315821E-003  -6.8872064E-005  -2.8221701E+001  -8.5082094E-003          0
   2.2600112E+002  -3.7865331E-005   1.3438923E-008   1.8932674E-003  -6.8858532E-005  -2.8219788E+001  -8.5770741E-003          0
   2.2700111E+002  -3.6988045E-005   1.3258005E-008   1.8558432E-003  -6.8845185E-005  -2.8217914E+001  -8.6459254E-003          0
   2.2800110E+002  -3.6136264E-005   1.3083356E-008   1.8192835E-003  -6.8832014E-005  -2.8216076E+001  -8.7147634E-003          0
   2.2900109E+002  -3.5309102E-005   1.2911073E-008   1.7835631E-003  -6.8819017E-005  -2.8214275E+001  -8.7835883E-003          0
   2.3000108E+002  -3.4505706E-005   1.2741895E-008   1.7486579E-003  -6.8806192E-005  -2.8212509E+001  -8.8524003E-003          0
   2.3100108E+002  -3.3725259E-005   1.2580831E-008   1.7145446E-003  -6.8793531E-005  -2.8210778E+001  -8.9211996E-003          0
   2.3200107E+002  -3.2966978E-005   1.2419130E-008   1.6812006E-003  -6.8781031E-005  -2.8209080E+001  -8.9899863E-003          0
   2.3300106E+002  -3.2230108E-005   1.2261518E-008   1.6486041E-003  -6.8768691E-005  -2.8207415E+001  -9.0587605E-003          0
   2.3400105E+002  -3.1513925E-005   1.2106576E-008   1.6167340E-003  -6.8756507E-005  -2.8205782E+001  -9.1275226E-003          0
   2.3500104E+002  -3.0817734E-005   1.1956141E-008   1.5855701E-003  -6.8744476E-005  -2.8204181E+001  -9.1962725E-003          0
   2.3600103E+002  -3.0140867E-005   1.1810729E-008   1.5550926E-003  -6.8732593E-005  -2.8202611E+001  -9.2650104E-003          0
   2.3700103E+002  -2.9482680E-005   1.1664404E-008   1.5252826E-003  -6.8720856E-005  -2.8201071E+001  -9.3337366E-003          0
   2.3800102E+002  -2.8842557E-005   1.1521358E-008   1.4961217E-003  -6.8709263E-005  -2.8199560E+001  -9.4024510E-003          0
   2.3900101E+002  -2.8219903E-005   1.1383404E-008   1.4675922E-003  -6.8697811E-005  -2.8198078E+001  -9.4711540E-003          0
   2.4000100E+002  -2.7614146E-005   1.1246218E-008   1.4396768E-003  -6.8686497E-005  -2.8196625E+001  -9.5398455E-003          0
   2.4100099E+002  -2.7024738E-005   1.1114183E-008   1.4123589E-003  -6.8675317E-005  -2.8195199E+001  -9.6085259E-003          0
   2.4200098E+002  -2.6451149E-005   1.0983468E-008   1.3856225E-003  -6.8664269E-005  -2.8193800E+001  -9.6771951E-003          0
   2.4300098E+002  -2.5892870E-005   1.0855346E-008   1.3594519E-003  -6.8653349E-005  -2.8192428E+001  -9.7458533E-003          0
   2.4400097E+002  -2.5349411E-005   1.0726740E-008   1.3338322E-003  -6.8642559E-005  -2.8191081E+001  -9.8145007E-003          0
   2.4500096E+002  -2.4820301E-005   1.0604765E-008   1.3087487E-003  -6.8631893E-005  -2.8189760E+001  -9.8831373E-003          0
   2.4600095E+002  -2.4305084E-005   1.0483783E-008   1.2841874E-003  -6.8621349E-005  -2.8188463E+001  -9.9517634E-003          0
   2.4700094E+002  -2.3803323E-005   1.0363987E-008   1.2601345E-003  -6.8610926E-005  -2.8187191E+001  -1.0020379E-002          0
   2.4800093E+002  -2.3314597E-005   1.0249179E-008   1.2365768E-003  -6.8600619E-005  -2.8185943E+001  -1.0088984E-002          0
   2.4900093E+002  -2.2838499E-005   1.0132484E-008   1.2135015E-003  -6.8590428E-005  -2.8184718E+001  -1.0157579E-002          0
   2.5000092E+002  -2.2374638E-005   1.0016010E-008   1.1908961E-003  -6.8580355E-005  -2.8183516E+001  -1.0226164E-002          0
   2.5100091E+002  -2.1922636E-005   9.9073334E-009   1.1687486E-003  -6.8570393E-005  -2.8182336E+001  -1.0294739E-002          0
   2.5200090E+002  -2.1482128E-005   9.7987049E-009   1.1470474E-003  -6.8560540E-005  -2.8181178E+001  -1.0363304E-002          0
   2.5300089E+002  -2.1052765E-005   9.6925148E-009   1.1257810E-003  -6.8550795E-005  -2.8180042E+001  -1.0431859E-002          0
   2.5400088E+002  -2.0634208E-005   9.5850792E-009   1.1049386E-003  -6.8541156E-005  -2.8178926E+001  -1.0500404E-002          0
   2.5500088E+002  -2.0226129E-005   9.4810027E-009   1.0845094E-003  -6.8531624E-005  -2.8177832E+001  -1.0568940E-002          0
   2.5600087E+002  -1.9828215E-005   9.3791670E-009   1.0644833E-003  -6.8522194E-005  -2.8176757E+001  -1.0637466E-002          0
   2.5700086E+002  -1.9440160E-005   9.2773018E-009   1.0448501E-003  -6.8512866E-005  -2.8175703E+001  -1.0705983E-002          0
   2.5800085E+002  -1.9061672E-005   9.1806444E-009   1.0256001E-003  -6.8503637E-005  -2.8174667E+001  -1.0774491E-002          0
   2.5900084E+002  -1.8692466E-005   9.0827923E-009   1.0067239E-003  -6.8494505E-005  -2.8173651E+001  -1.0842989E-002          0
   2.6000083E+002  -1.8332270E-005   8.9875969E-009   9.8821246E-004  -6.8485471E-005  -2.8172654E+001  -1.0911479E-002          0
   2.6100083E+002  -1.7980820E-005   8.8927141E-009   9.7005679E-004  -6.8476530E-005  -2.8171675E+001  -1.0979959E-002          0
   2.6200082E+002  -1.7637859E-005   8.7986810E-009   9.5224830E-004  -6.8467685E-005  -2.8170714E+001  -1.1048431E-002          0
   2.6300081E+002  -1.7303142E-005   8.7108239E-009   9.3477862E-004  -6.8458930E-005  -2.8169770E+001  -1.1116893E-002          0
   2.6400080E+002  -1.6976430E-005   8.6172024E-009   9.1763963E-004  -6.8450267E-005  -2.8168844E+001  -1.1185347E-002          0
   2.6500079E+002  -1.6657494E-005   8.5309656E-009   9.0082345E-004  -6.8441693E-005  -2.8167935E+001  -1.1253793E-002          0
   2.6600078E+002  -1.6346110E-005   8.4410599E-009   8.8432240E-004  -6.8433207E-005  -2.8167042E+001  -1.1322230E-002          0
   2.6700078E+002  -1.6042064E-005   8.3584216E-009   8.6812906E-004  -6.8424808E-005  -2.8166166E+001  -1.1390658E-002          0
   2.6800077E+002  -1.5745147E-005   8.2734568E-009   8.5223617E-004  -6.8416491E-005  -2.8165306E+001  -1.1459078E-002          0
   2.6900076E+002  -1.5455159E-005   8.1872931E-009   8.3663671E-004  -6.8408261E-005  -2.8164462E+001  -1.1527490E-002          0
   2.7000075E+002  -1.5171905E-005   8.1038096E-009   8.2132386E-004  -6.8400116E-005  -2.8163633E+001  -1.1595894E-002          0
   2.7100074E+002  -1.4895198E-005   8.0268681E-009   8.0629098E-004  -6.8392051E-005  -2.8162819E+001  -1.1664289E-002          0
   2.7200073E+002  -1.4624854E-005   7.9462896E-009   7.9153160E-004  -6.8384064E-005  -2.8162020E+001  -1.1732677E-002          0
   2.7300073E+002  -1.4360698E-005   7.8685579E-009   7.7703945E-004  -6.8376157E-005  -2.8161236E+001  -1.1801056E-002          0
   2.7400072E+002  -1.4102560E-005   7.7893580E-009   7.6280843E-004  -6.8368328E-005  -2.8160466E+001  -1.1869428E-002          0
   2.7500071E+002  -1.3850274E-005   7.7151771E-009   7.4883261E-004  -6.8360576E-005  -2.8159710E+001  -1.1937792E-002          0
   2.7600070E+002  -1.3603681E-005   7.6386728E-009   7.3510622E-004  -6.8352899E-005  -2.8158968E+001  -1.2006148E-002          0
   2.7700069E+002  -1.3362627E-005   7.5638879E-009   7.2162363E-004  -6.8345298E-005  -2.8158240E+001  -1.2074496E-002          0
   2.7800068E+002  -1.3126961E-005   7.4909799E-009   7.0837939E-004  -6.8337771E-005  -2.8157525E+001  -1.2142837E-002          0
   2.7900068E+002  -1.2896538E-005   7.4199944E-009   6.9536818E-004  -6.8330316E-005  -2.8156823E+001  -1.2211171E-002          0
   2.8000067E+002  -1.2671219E-005   7.3478455E-009   6.8258483E-004  -6.8322932E-005  -2.8156134E+001  -1.2279497E-002          0
   2.8100066E+002  -1.2450866E-005   7.2815658E-009   6.7002430E-004  -6.8315617E-005  -2.8155458E+001  -1.2347815E-002          0
   2.8200065E+002  -1.2235349E-005   7.2070217E-009   6.5768169E-004  -6.8308373E-005  -2.8154794E+001  -1.2416127E-002          0
   2.8300064E+002  -1.2024539E-005   7.1401932E-009   6.4555224E-004  -6.8301200E-005  -2.8154142E+001  -1.2484431E-002          0
   2.8400063E+002  -1.1818313E-005   7.0701296E-009   6.3363129E-004  -6.8294095E-005  -2.8153503E+001  -1.2552728E-002          0
   2.8500063E+002  -1.1616551E-005   7.0040527E-009   6.2191432E-004  -6.8287058E-005  -2.8152875E+001  -1.2621018E-002          0
   2.8600062E+002  -1.1419135E-005   6.9380386E-009   6.1039693E-004  -6.8280087E-005  -2.8152259E+001  -1.2689301E-002          0
   2.8700061E+002  -1.1225954E-005   6.8734717E-009   5.9907483E-004  -6.8273181E-005  -2.8151654E+001  -1.2757577E-002          0
   2.8800060E+002  -1.1036898E-005   6.8111727E-009   5.8794383E-004  -6.8266339E-005  -2.8151061E+001  -1.2825846E-002          0
   2.8900059E+002  -1.0851861E-005   6.7479212E-009   5.7699988E-004  -6.8259560E-005  -2.8150478E+001  -1.2894109E-002          0
   2.9000058E+002  -1.0670739E-005   6.6859445E-009   5.6623899E-004  -6.8252843E-005  -2.8149907E+001  -1.2962364E-002          0
   2.9100058E+002  -1.0493434E-005   6.6215472E-009   5.5565730E-004  -6.8246189E-005  -2.8149346E+001  -1.3030613E-002          0
   2.9200057E+002  -1.0319848E-005   6.5636764E-009   5.4525106E-004  -6.8239597E-005  -2.8148795E+001  -1.3098856E-002          0
   2.9300056E+002  -1.0149888E-005   6.5009269E-009   5.3501657E-004  -6.8233064E-005  -2.8148255E+001  -1.3167091E-002          0
   2.9400055E+002  -9.9834608E-006   6.4425965E-009   5.2495027E-004  -6.8226593E-005  -2.8147725E+001  -1.3235321E-002          0
   2.9500054E+002  -9.8204794E-006   6.3870550E-009   5.1504867E-004  -6.8220178E-005  -2.8147205E+001  -1.3303543E-002          0
   2.9600053E+002  -9.6608575E-006   6.3271756E-009   5.0530836E-004  -6.8213821E-005  -2.8146695E+001  -1.3371760E-002          0
   2.9700053E+002  -9.5045115E-006   6.2677089E-009   4.9572602E-004  -6.8207524E-005  -2.8146194E+001  -1.3439970E-002          0
   2.9800052E+002  -9.3513605E-006   6.2122783E-009   4.8629843E-004  -6.8201284E-005  -2.8145703E+001  -1.3508174E-002          0
   2.9900051E+002  -9.2013257E-006   6.1578130E-009   4.7702242E-004  -6.8195099E-005  -2.8145222E+001  -1.3576371E-002          0
   3.0000050E+002  -9.0543306E-006   6.1040154E-009   4.6789492E-004  -6.8188968E-005  -2.8144749E+001  -1.3644563E-002          0
   3.0100049E+002  -8.9103011E-006   6.0422895E-009   4.5891292E-004  -6.8182895E-005  -2.8144286E+001  -1.3712748E-002          0
   3.0200048E+002  -8.7691651E-006   5.9924085E-009   4.5007350E-004  -6.8176878E-005  -2.8143832E+001  -1.3780928E-002          0
   3.0300048E+002  -8.6308523E-006   5.9392830E-009   4.4137380E-004  -6.8170912E-005  -2.8143386E+001  -1.3849101E-002          0
   3.0400047E+002  -8.4952947E-006   5.8901888E-009   4.3281102E-004  -6.8164998E-005  -2.8142949E+001  -1.3917268E-002          0
   3.0500046E+002  -8.3624262E-006   5.8384897E-009   4.2438245E-004  -6.8159133E-005  -2.8142520E+001  -1.3985430E-002          0
   3.0600045E+002  -8.2321824E-006   5.7851842E-009   4.1608543E-004  -6.8153321E-005  -2.8142100E+001  -1.4053585E-002          0
   3.0700044E+002  -8.1045007E-006   5.7345026E-009   4.0791737E-004  -6.8147562E-005  -2.8141688E+001  -1.4121735E-002          0
   3.0800043E+002  -7.9793204E-006   5.6842994E-009   3.9987573E-004  -6.8141852E-005  -2.8141284E+001  -1.4189879E-002          0
   3.0900043E+002  -7.8565824E-006   5.6361474E-009   3.9195805E-004  -6.8136193E-005  -2.8140888E+001  -1.4258018E-002          0
   3.1000042E+002  -7.7362292E-006   5.5891558E-009   3.8416190E-004  -6.8130580E-005  -2.8140500E+001  -1.4326151E-002          0
   3.1100041E+002  -7.6182049E-006   5.5378295E-009   3.7648494E-004  -6.8125016E-005  -2.8140120E+001  -1.4394278E-002          0
   3.1200040E+002  -7.5024551E-006   5.4909352E-009   3.6892486E-004  -6.8119502E-005  -2.8139747E+001  -1.4462400E-002          0
   3.1300039E+002  -7.3889270E-006   5.4416693E-009   3.6147942E-004  -6.8114036E-005  -2.8139382E+001  -1.4530516E-002          0
   3.1400038E+002  -7.2775691E-006   5.3984904E-009   3.5414641E-004  -6.8108616E-005  -2.8139024E+001  -1.4598627E-002          0
   3.1500038E+002  -7.1683313E-006   5.3485458E-009   3.4692369E-004  -6.8103242E-005  -2.8138674E+001  -1.4666732E-002          0
   3.1600037E+002  -7.0611650E-006   5.3048675E-009   3.3980918E-004  -6.8097916E-005  -2.8138330E+001  -1.4734832E-002          0
   3.1700036E+002  -6.9560228E-006   5.2611706E-009   3.3280081E-004  -6.8092633E-005  -2.8137994E+001  -1.4802927E-002          0
   3.1800035E+002  -6.8528585E-006   5.2161370E-009   3.2589659E-004  -6.8087394E-005  -2.8137665E+001  -1.4871016E-002          0
   3.1900034E+002  -6.7516272E-006   5.1708757E-009   3.1909456E-004  -6.8082201E-005  -2.8137342E+001  -1.4939100E-002          0
   3.2000033E+002  -6.6522853E-006   5.1300253E-009   3.1239282E-004  -6.8077051E-005  -2.8137026E+001  -1.5007179E-002          0
   3.2100033E+002  -6.5547901E-006   5.0874410E-009   3.0578949E-004  -6.8071942E-005  -2.8136717E+001  -1.5075253E-002          0
   3.2200032E+002  -6.4591003E-006   5.0421930E-009   2.9928274E-004  -6.8066877E-005  -2.8136415E+001  -1.5143322E-002          0
   3.2300031E+002  -6.3651755E-006   5.0047425E-009   2.9287080E-004  -6.8061854E-005  -2.8136119E+001  -1.5211386E-002          0
   3.2400030E+002  -6.2729763E-006   4.9592073E-009   2.8655192E-004  -6.8056872E-005  -2.8135829E+001  -1.5279445E-002          0
   3.2500029E+002  -6.1824646E-006   4.9186082E-009   2.8032439E-004  -6.8051933E-005  -2.8135546E+001  -1.5347499E-002          0
   3.2600028E+002  -6.0936030E-006   4.8777526E-009   2.7418655E-004  -6.8047035E-005  -2.8135268E+001  -1.5415547E-002          0
   3.2700028E+002  -6.0063553E-006   4.8363347E-009   2.6813675E-004  -6.8042178E-005  -2.8134997E+001  -1.5483591E-002          0
   3.2800027E+002  -5.9206860E-006   4.7970518E-009   2.6217341E-004  -6.8037362E-005  -2.8134732E+001  -1.5551631E-002          0
   3.2900026E+002  -5.8365607E-006   4.7603335E-009   2.5629496E-004  -6.8032583E-005  -2.8134473E+001  -1.5619665E-002          0
   3.3000025E+002  -5.7539457E-006   4.7224203E-009   2.5049988E-004  -6.8027841E-005  -2.8134219E+001  -1.5687695E-002          0
   3.3100024E+002  -5.6728085E-006   4.6790454E-009   2.4478668E-004  -6.8023141E-005  -2.8133972E+001  -1.5755720E-002          0
   3.3200023E+002  -5.5931170E-006   4.6475490E-009   2.3915388E-004  -6.8018477E-005  -2.8133730E+001  -1.5823740E-002          0
   3.3300023E+002  -5.5148400E-006   4.5999226E-009   2.3360006E-004  -6.8013854E-005  -2.8133493E+001  -1.5891755E-002          0
   3.3400022E+002  -5.4379475E-006   4.5704359E-009   2.2812383E-004  -6.8009269E-005  -2.8133263E+001  -1.5959766E-002          0
   3.3500021E+002  -5.3624096E-006   4.5295761E-009   2.2272381E-004  -6.8004719E-005  -2.8133037E+001  -1.6027773E-002          0
   3.3600020E+002  -5.2881978E-006   4.4949257E-009   2.1739866E-004  -6.8000207E-005  -2.8132817E+001  -1.6095775E-002          0
   3.3700019E+002  -5.2152837E-006   4.4590675E-009   2.1214707E-004  -6.7995730E-005  -2.8132602E+001  -1.6163772E-002          0
   3.3800018E+002  -5.1436401E-006   4.4202654E-009   2.0696775E-004  -6.7991290E-005  -2.8132393E+001  -1.6231765E-002          0
   3.3900018E+002  -5.0732402E-006   4.3865592E-009   2.0185946E-004  -6.7986887E-005  -2.8132188E+001  -1.6299754E-002          0
   3.4000017E+002  -5.0040579E-006   4.3515274E-009   1.9682095E-004  -6.7982518E-005  -2.8131989E+001  -1.6367738E-002          0
   3.4100016E+002  -4.9360678E-006   4.3156628E-009   1.9185103E-004  -6.7978184E-005  -2.8131795E+001  -1.6435718E-002          0
   3.4200015E+002  -4.8692450E-006   4.2823846E-009   1.8694851E-004  -6.7973885E-005  -2.8131605E+001  -1.6503693E-002          0
   3.4300014E+002  -4.8035655E-006   4.2493506E-009   1.8211224E-004  -6.7969620E-005  -2.8131421E+001  -1.6571664E-002          0
   3.4400013E+002  -4.7390055E-006   4.2160323E-009   1.7734109E-004  -6.7965387E-005  -2.8131241E+001  -1.6639631E-002          0
   3.4500013E+002  -4.6755420E-006   4.1845386E-009   1.7263394E-004  -6.7961187E-005  -2.8131066E+001  -1.6707594E-002          0
   3.4600012E+002  -4.6131525E-006   4.1506702E-009   1.6798972E-004  -6.7957019E-005  -2.8130896E+001  -1.6775552E-002          0
   3.4700011E+002  -4.5518151E-006   4.1174185E-009   1.6340736E-004  -6.7952885E-005  -2.8130730E+001  -1.6843507E-002          0
   3.4800010E+002  -4.4915083E-006   4.0861178E-009   1.5888582E-004  -6.7948784E-005  -2.8130569E+001  -1.6911457E-002          0
   3.4900009E+002  -4.4322112E-006   4.0555051E-009   1.5442409E-004  -6.7944713E-005  -2.8130412E+001  -1.6979403E-002          0
   3.5000008E+002  -4.3739034E-006   4.0231754E-009   1.5002115E-004  -6.7940673E-005  -2.8130260E+001  -1.7047345E-002          0
   3.5100008E+002  -4.3165649E-006   3.9879380E-009   1.4567603E-004  -6.7936668E-005  -2.8130112E+001  -1.7115283E-002          0
   3.5200007E+002  -4.2601764E-006   3.9600193E-009   1.4138777E-004  -6.7932694E-005  -2.8129969E+001  -1.7183218E-002          0
   3.5300006E+002  -4.2047187E-006   3.9309165E-009   1.3715544E-004  -6.7928749E-005  -2.8129830E+001  -1.7251148E-002          0
   3.5400005E+002  -4.1501734E-006   3.8977925E-009   1.3297810E-004  -6.7924834E-005  -2.8129694E+001  -1.7319074E-002          0
   3.5500004E+002  -4.0965222E-006   3.8675372E-009   1.2885486E-004  -6.7920952E-005  -2.8129564E+001  -1.7386996E-002          0
   3.5600003E+002  -4.0437475E-006   3.8400571E-009   1.2478483E-004  -6.7917098E-005  -2.8129437E+001  -1.7454915E-002          0
   3.5700003E+002  -3.9918319E-006   3.8089659E-009   1.2076715E-004  -6.7913273E-005  -2.8129314E+001  -1.7522829E-002          0
   3.5800002E+002  -3.9407587E-006   3.7762317E-009   1.1680095E-004  -6.7909481E-005  -2.8129195E+001  -1.7590740E-002          0
   3.5900001E+002  -3.8905112E-006   3.7538922E-009   1.1288542E-004  -6.7905716E-005  -2.8129080E+001  -1.7658647E-002          0
   3.6000000E+002  -3.8410733E-006   3.7240125E-009   1.0901973E-004  -6.7901977E-005  -2.8128969E+001  -1.7726550E-002          0
